6.0 57.0 
85.0 11.0 
93.0 42.0 
57.0 86.0 
47.0 38.0 
44.0 87.0 
52.0 41.0 
10.0 99.0 
7.0 42.0 
93.0 51.0 
80.0 87.0 
12.0 52.0 
75.0 0.0 
93.0 92.0 
23.0 57.0 
85.0 6.0 
36.0 13.0 
89.0 78.0 
14.0 38.0 
5.0 94.0 
55.0 94.0 
96.0 3.0 
41.0 63.0 
4.0 75.0 
71.0 26.0 
63.0 22.0 
76.0 22.0 
85.0 54.0 
7.0 31.0 
26.0 95.0 
2.0 79.0 
97.0 45.0 
25.0 28.0 
27.0 81.0 
44.0 65.0 
32.0 46.0 
62.0 35.0 
38.0 20.0 
11.0 36.0 
52.0 80.0 
27.0 36.0 
60.0 3.0 
79.0 9.0 
39.0 23.0 
65.0 23.0 
46.0 33.0 
80.0 22.0 
31.0 3.0 
98.0 81.0 
87.0 7.0 
