89.0 64.0 
7.0 55.0 
3.0 74.0 
67.0 80.0 
12.0 91.0 
2.0 68.0 
97.0 60.0 
49.0 0.0 
12.0 22.0 
88.0 52.0 
23.0 27.0 
81.0 4.0 
44.0 61.0 
51.0 10.0 
71.0 48.0 
9.0 36.0 
70.0 9.0 
31.0 1.0 
75.0 75.0 
51.0 17.0 
78.0 62.0 
27.0 23.0 
60.0 32.0 
55.0 69.0 
39.0 96.0 
77.0 52.0 
45.0 87.0 
61.0 94.0 
56.0 89.0 
55.0 21.0 
15.0 90.0 
32.0 44.0 
99.0 43.0 
60.0 15.0 
21.0 22.0 
17.0 31.0 
36.0 94.0 
80.0 28.0 
73.0 94.0 
75.0 82.0 
94.0 18.0 
58.0 4.0 
35.0 76.0 
63.0 19.0 
12.0 88.0 
92.0 48.0 
36.0 68.0 
72.0 17.0 
74.0 30.0 
46.0 95.0 
49.0 17.0 
60.0 93.0 
30.0 81.0 
66.0 64.0 
16.0 62.0 
22.0 8.0 
47.0 48.0 
1.0 32.0 
13.0 55.0 
83.0 89.0 
44.0 29.0 
96.0 17.0 
80.0 82.0 
28.0 8.0 
7.0 35.0 
7.0 42.0 
66.0 99.0 
77.0 75.0 
80.0 26.0 
40.0 21.0 
61.0 36.0 
86.0 22.0 
86.0 59.0 
20.0 3.0 
14.0 52.0 
32.0 99.0 
31.0 96.0 
51.0 48.0 
69.0 37.0 
6.0 2.0 
68.0 30.0 
20.0 22.0 
45.0 90.0 
23.0 1.0 
59.0 31.0 
35.0 50.0 
68.0 23.0 
28.0 44.0 
32.0 5.0 
32.0 56.0 
21.0 76.0 
58.0 48.0 
39.0 33.0 
78.0 63.0 
56.0 32.0 
75.0 17.0 
60.0 24.0 
37.0 57.0 
11.0 67.0 
0.0 29.0 
