499 316
530 277
349 319
366 284
88 320
267 313
553 313
366 295
280 302
332 335
488 305
68 274
133 338
542 352
406 299
456 288
97 340
552 339
557 307
96 265
213 278
73 333
251 283
498 316
212 289
216 275
227 274
142 255
543 288
289 313
92 301
441 310
62 277
464 281
551 298
455 306
168 332
227 300
362 337
159 298
321 326
247 340
135 327
551 340
528 282
171 304
527 360
97 249
177 269
166 332
529 281
171 313
296 315
155 293
54 328
46 307
176 268
469 279
214 243
167 246
442 338
56 293
55 301
506 320
177 277
417 302
48 296
328 329
181 312
219 354
365 277
100 323
558 284
291 335
548 318
54 309
208 326
387 342
404 333
96 321
523 369
412 313
209 314
225 300
210 351
284 326
275 337
273 276
448 315
172 339
318 325
135 256
99 331
271 276
454 279
510 319
86 278
87 269
494 360
152 332
521 339
55 328
380 330
453 333
520 335
249 286
86 310
226 310
69 333
366 315
456 285
406 330
220 336
503 290
325 334
365 311
208 356
446 328
214 310
49 284
444 288
106 296
362 293
48 322
363 326
498 303
213 365
40 307
44 317
268 275
529 365
155 337
216 306
437 334
94 258
411 307
208 359
518 328
501 333
273 307
547 284
284 283
185 308
226 311
351 296
42 325
167 296
174 267
361 336
281 285
216 260
105 314
160 329
490 295
540 331
275 333
71 274
436 330
552 345
150 301
550 291
443 334
216 358
402 305
167 299
207 303
132 249
39 311
508 359
171 310
89 260
367 322
538 350
506 309
280 281
255 299
80 282
257 341
101 323
264 312
367 339
529 279
360 292
174 300
98 313
264 342
85 327
414 287
405 315
96 333
101 267
223 311
226 354
415 295
171 320
508 314
152 298
210 290
220 366
403 279
361 286
149 245
351 328
560 299
277 328
534 331
226 283
225 296
542 328
448 275
373 328
543 294
402 281
171 315
417 302
163 335
174 284
144 334
88 286
221 293
261 311
388 283
138 261
166 255
273 314
184 306
288 323
392 275
446 329
152 341
410 328
212 286
538 324
556 333
177 308
88 300
474 273
34 305
365 310
80 286
86 265
95 321
522 281
548 360
280 339
103 316
495 287
507 281
268 286
74 285
417 310
165 295
40 299
504 300
160 297
512 343
412 320
412 303
438 324
258 340
360 331
267 287
453 340
399 335
462 292
151 330
104 249
502 310
260 280
330 338
503 295
164 334
55 300
359 297
39 320
139 256
136 337
554 322
461 280
500 298
275 303
104 300
412 317
86 300
544 325
280 335
399 324
467 286
164 281
184 330
170 274
349 292
224 289
165 306
559 319
201 364
86 297
106 308
416 302
416 294
550 333
354 317
219 340
416 303
156 252
289 320
441 332
174 279
547 364
320 336
50 334
446 325
321 334
259 283
181 306
280 334
34 312
95 295
225 354
186 268
416 295
359 321
224 349
60 276
453 292
448 309
543 325
402 303
153 245
414 286
59 279
138 288
506 333
554 307
366 300
93 242
71 343
490 317
449 294
271 344
214 340
517 340
494 301
195 369
380 332
456 311
453 274
490 294
494 324
55 285
222 259
44 284
92 315
399 285
392 334
524 360
406 314
59 292
102 277
557 338
219 285
518 282
222 350
453 339
159 283
86 243
168 331
509 367
481 277
89 325
177 333
172 294
104 305
373 329
456 322
507 285
225 336
437 275
94 281
533 334
388 339
263 301
388 337
441 306
555 279
560 332
208 290
65 276
149 329
137 336
130 337
359 300
445 274
212 295
350 303
88 277
518 365
523 373
90 342
494 357
490 297
102 304
214 358
40 331
88 292
181 277
271 282
194 374
73 273
106 334
264 299
361 321
183 327
145 330
165 246
153 285
128 340
102 272
540 330
165 272
149 291
265 279
223 362
47 335
535 277
50 305
165 329
441 280
494 291
283 280
549 275
58 340
517 341
555 298
538 371
497 370
180 320
438 288
215 330
531 335
217 327
256 334
131 336
165 267
104 332
154 250
260 298
266 338
279 285
88 243
219 365
538 357
172 269
555 274
272 308
102 281
258 293
367 300
556 332
287 315
499 332
180 325
173 309
477 289
192 361
380 279
411 289
403 297
98 310
68 342
219 294
218 354
159 337
50 291
544 344
543 347
260 291
442 330
57 283
538 363
505 367
349 310
449 287
560 328
542 340
386 282
212 303
182 300
518 332
191 367
146 298
538 360
555 352
524 286
190 371
528 342
409 330
50 280
203 372
50 318
131 255
517 276
98 301
479 280
559 316
287 319
279 282
497 311
475 285
131 326
551 290
378 331
524 330
278 314
503 365
375 280
140 295
55 274
384 344
268 287
219 315
207 286
179 333
173 268
101 277
89 341
102 253
55 288
266 277
176 318
402 292
489 317
326 340
271 337
544 277
156 260
310 334
224 287
138 251
265 280
97 313
449 293
105 299
285 306
157 245
180 267
93 320
461 288
491 324
100 245
153 255
501 286
88 307
58 341
462 279
519 282
353 324
381 341
208 286
390 328
493 329
154 245
66 287
225 280
513 363
213 356
168 262
468 286
279 324
447 315
454 327
100 279
451 333
410 284
278 278
287 335
213 328
148 329
47 338
439 294
349 293
555 330
53 329
457 300
506 331
203 362
508 340
69 340
273 313
157 342
208 367
59 340
45 333
369 334
385 337
324 343
44 295
292 274
106 299
173 257
178 259
77 330
376 273
161 295
218 254
446 305
552 317
104 312
380 344
398 335
179 323
131 335
360 328
149 255
557 312
291 332
409 286
371 333
256 304
357 332
507 326
438 281
505 276
184 260
162 256
71 281
170 338
207 311
37 295
53 303
91 334
261 289
404 277
363 279
265 311
467 276
211 364
152 299
57 339
72 331
274 331
546 299
97 327
50 333
44 281
543 313
85 288
221 361
185 311
144 340
147 286
34 311
356 322
413 325
53 340
436 331
151 296
56 327
521 287
216 353
378 331
317 327
93 280
436 304
70 274
538 324
284 318
60 337
538 362
219 304
257 279
503 277
523 367
173 250
554 352
161 335
85 294
151 334
173 282
348 293
515 329
179 308
102 244
160 337
90 274
465 279
221 259
182 259
553 359
360 314
498 281
401 300
499 336
226 336
256 280
256 311
276 283
401 278
141 329
47 327
100 292
488 309
52 342
283 323
497 282
552 280
191 369
542 306
147 257
136 335
189 372
381 339
267 333
91 269
217 283
438 304
89 263
504 317
76 328
548 317
103 320
356 297
354 286
386 342
56 321
212 336
378 329
40 294
394 328
171 257
417 320
177 333
179 318
55 335
247 341
548 277
51 296
280 276
209 356
104 241
530 339
560 299
367 284
221 348
557 287
540 317
541 323
266 299
547 293
98 256
396 325
172 286
170 312
408 321
559 318
491 303
461 283
553 289
454 338
209 349
541 276
377 287
504 371
356 304
519 372
377 273
438 274
77 328
100 296
166 251
177 273
97 258
509 292
148 256
501 296
350 316
206 369
167 294
452 328
517 276
441 329
106 266
256 329
216 257
160 336
225 317
213 242
160 292
449 281
543 306
140 331
510 373
55 293
67 329
219 312
175 309
141 249
437 303
491 304
162 342
296 324
496 313
314 325
407 322
93 250
519 282
504 363
163 261
555 338
105 286
289 279
411 300
284 321
556 352
454 338
214 318
188 358
558 279
50 312
410 320
66 285
442 320
161 290
193 359
96 328
547 323
542 289
557 330
366 308
449 337
68 274
208 301
173 249
537 282
222 300
547 360
281 310
80 278
551 298
205 354
189 366
533 277
543 301
536 328
174 264
291 277
507 283
225 300
174 299
180 254
147 291
99 319
272 317
505 340
246 332
168 288
246 325
218 353
358 310
518 287
222 246
398 289
357 332
477 290
512 288
522 280
136 336
549 291
368 338
359 319
367 294
364 291
536 365
503 332
361 278
262 306
95 297
167 324
178 263
443 275
559 303
245 335
196 368
184 312
286 278
131 259
383 274
294 282
368 329
439 296
526 360
213 347
246 299
57 279
456 320
207 297
315 335
225 342
523 329
256 329
256 306
547 360
215 249
292 310
159 286
60 326
541 276
42 317
263 334
41 331
214 317
541 308
248 286
292 275
251 282
542 339
407 308
350 303
508 309
403 319
52 276
442 322
167 281
538 290
419 294
279 278
272 337
139 287
376 280
170 273
400 314
215 300
102 266
513 285
208 359
291 332
96 313
168 341
178 252
200 361
80 336
169 272
549 309
221 242
163 264
95 256
158 283
221 277
248 286
106 249
59 273
207 368
191 365
171 337
406 310
495 317
106 326
149 286
214 308
102 261
549 349
417 293
134 255
93 298
262 333
56 324
167 324
127 332
391 282
401 334
222 325
208 255
377 334
86 313
104 260
49 313
102 306
490 303
355 315
322 323
151 251
441 294
451 299
388 333
454 311
294 327
501 298
204 356
455 304
396 287
534 283
207 345
380 279
147 251
43 284
441 342
362 308
419 300
404 290
324 342
272 312
221 347
356 334
503 285
366 334
440 303
504 319
86 272
50 312
269 299
289 312
86 280
491 325
150 298
395 326
285 315
68 341
455 317
445 329
86 247
176 274
548 339
349 291
53 325
438 324
529 331
168 329
473 286
93 241
186 327
441 302
554 298
437 278
351 290
515 374
256 336
509 372
503 372
46 323
516 278
275 329
543 349
213 246
169 293
45 337
497 300
66 342
85 290
528 286
260 293
211 253
224 258
545 333
390 331
99 243
536 358
210 334
466 279
210 342
215 323
536 327
296 324
372 289
52 330
553 326
371 328
360 286
403 291
177 296
541 287
257 293
84 295
174 309
279 311
181 333
279 314
265 295
277 282
36 322
455 288
270 273
42 284
396 342
210 276
517 342
538 290
208 285
266 274
209 247
36 320
406 332
252 281
213 324
405 314
73 287
406 310
548 349
348 294
401 314
318 333
178 333
226 310
211 274
458 298
382 279
93 340
36 318
208 250
93 292
557 348
294 289
133 264
557 343
448 313
39 292
379 344
375 281
45 305
516 361
209 343
419 317
163 247
504 322
82 291
86 313
210 282
496 286
510 320
162 327
66 284
441 324
75 280
416 312
293 332
546 324
52 296
245 297
226 257
182 282
284 321
488 315
271 283
90 330
104 304
83 329
91 256
314 325
221 254
356 299
70 281
446 301
161 254
362 285
398 281
93 324
172 325
46 293
516 328
197 366
226 258
255 280
286 314
217 353
530 274
554 358
458 295
447 296
217 295
550 323
270 284
178 314
451 274
225 342
98 295
216 286
76 330
156 250
541 308
208 325
169 341
44 289
402 323
167 260
247 290
137 255
217 316
382 287
86 253
37 294
280 339
267 310
151 291
364 307
74 339
357 329
221 249
459 293
79 286
127 339
279 303
208 351
102 301
551 302
536 361
224 321
141 251
407 284
270 332
103 329
68 341
84 334
157 333
549 331
543 336
511 277
47 301
412 314
312 334
550 309
174 303
508 340
289 335
224 320
455 333
494 370
221 360
171 307
286 313
48 314
216 346
131 257
61 333
441 303
101 337
504 323
215 333
176 279
492 294
538 325
175 333
396 288
104 311
219 246
55 284
533 329
208 331
455 309
388 332
403 321
356 330
539 349
214 361
440 329
457 303
279 302
541 278
541 345
383 286
278 311
549 274
535 327
254 337
290 310
508 339
476 281
536 291
219 351
226 245
494 362
283 329
555 312
290 288
502 322
510 372
355 310
188 369
226 274
201 371
101 242
394 287
36 317
147 339
356 295
34 316
505 282
158 342
518 336
367 322
256 293
127 325
549 345
214 260
93 249
224 311
417 312
373 287
176 262
322 341
185 274
362 292
180 332
273 281
93 246
97 303
158 301
253 280
250 296
513 372
548 341
363 326
556 304
465 276
449 291
207 297
540 333
102 288
553 286
555 285
442 340
352 315
498 299
208 367
266 295
356 285
78 338
227 274
548 330
71 273
86 244
63 286
388 334
533 327
385 332
185 326
132 325
448 310
177 325
349 319
552 315
283 310
451 309
44 336
221 242
227 255
508 363
245 339
202 370
164 304
527 276
101 339
496 357
412 313
372 276
172 300
160 257
149 245
162 283
544 368
356 333
285 275
255 291
401 314
145 329
535 355
295 322
534 283
183 275
131 260
223 332
163 251
503 362
174 334
512 326
40 308
375 282
142 256
136 334
437 329
356 293
525 339
545 359
147 288
85 285
296 321
524 280
552 309
165 281
541 339
552 329
448 323
552 289
49 287
224 307
320 342
549 275
547 322
95 256
560 277
253 303
84 329
450 342
145 340
454 317
503 322
65 342
549 284
291 335
181 282
145 249
321 325
172 301
158 328
446 288
95 265
41 287
496 307
506 339
545 334
93 286
353 327
135 331
531 358
528 286
558 297
156 245
515 337
251 284
474 279
350 307
64 343
390 329
104 314
545 364
387 280
548 351
212 309
545 357
443 289
85 290
260 279
438 287
149 338
157 290
535 353
383 337
222 303
415 297
51 277
92 341
498 281
519 361
49 321
531 373
167 303
211 310
277 342
212 245
400 277
560 327
265 275
97 306
80 280
157 337
488 310
548 331
272 312
397 285
103 331
104 314
375 343
221 282
349 321
377 335
98 319
269 274
372 278
208 342
174 262
193 359
265 299
312 331
505 284
507 275
496 323
150 296
272 272
104 315
179 332
97 292
46 332
212 320
441 315
141 343
207 334
454 298
361 297
159 258
294 331
437 321
212 296
56 325
511 325
150 297
80 280
524 286
253 309
86 284
403 297
99 279
162 327
254 337
287 334
495 287
439 310
44 316
142 338
165 300
147 254
447 339
92 284
106 325
538 351
524 278
179 258
223 324
371 281
279 342
175 262
384 329
157 250
210 321
543 362
171 321
169 288
514 276
151 335
505 277
130 256
158 330
352 316
222 347
98 264
492 291
90 292
399 341
314 330
43 316
170 322
176 309
213 301
266 289
548 341
65 277
552 314
387 329
365 319
142 286
215 345
44 293
169 315
92 282
446 296
331 337
370 291
400 278
360 327
380 329
443 337
352 286
494 286
549 349
456 279
326 329
400 334
439 298
518 368
144 300
399 340
533 286
467 286
37 292
309 335
95 291
287 338
195 374
223 312
90 297
200 360
399 294
541 299
214 316
494 288
537 352
128 332
402 320
371 280
130 255
79 335
286 274
488 316
287 274
543 323
524 335
454 281
554 345
44 313
85 322
446 288
456 324
356 285
549 305
141 300
401 320
223 333
381 273
207 307
512 287
55 294
294 326
510 319
536 369
69 272
41 304
174 330
351 326
534 285
273 331
371 327
253 336
41 292
467 289
147 296
519 361
450 320
97 255
454 317
371 274
213 329
547 356
329 329
354 333
517 371
250 340
281 320
455 305
517 361
103 258
105 287
540 312
505 282
388 280
219 338
97 305
540 288
269 285
354 314
50 277
157 284
173 262
373 274
452 304
130 265
481 279
133 249
488 310
364 304
550 289
409 299
501 358
445 286
500 329
444 285
213 342
145 298
545 359
494 358
436 292
224 331
133 335
447 321
541 299
389 273
167 323
174 331
350 316
512 286
410 298
165 276
92 314
364 308
440 318
228 250
150 251
406 302
224 317
277 276
225 345
224 330
416 313
397 274
265 298
210 364
526 278
326 339
553 328
62 286
272 309
226 296
56 340
473 275
439 286
289 331
546 276
286 274
530 274
212 372
452 331
183 273
399 332
164 325
521 275
513 282
451 331
543 317
547 288
47 332
224 346
223 336
255 279
177 324
437 319
102 289
319 324
259 288
414 297
217 300
560 326
210 274
370 293
216 242
271 272
280 273
49 281
280 273
357 291
169 260
263 331
291 285
506 306
499 335
221 327
172 283
403 290
165 279
502 326
86 340
208 286
163 334
547 285
87 242
55 303
520 287
171 281
168 266
149 339
147 294
278 313
446 282
507 300
416 293
145 291
560 293
471 284
559 348
549 307
526 335
544 286
54 303
55 289
159 260
354 302
288 306
437 337
546 285
413 297
222 299
462 280
182 274
523 370
145 291
225 356
260 302
443 315
252 281
367 275
48 323
454 309
538 320
523 369
285 279
96 337
545 367
103 253
524 363
64 286
175 278
43 336
388 274
438 292
544 362
541 348
81 327
359 283
96 276
287 306
131 249
559 293
349 315
96 333
43 304
436 278
185 269
493 309
165 303
494 286
159 245
365 315
501 298
481 288
290 286
509 296
360 280
131 264
506 331
44 331
281 311
207 345
543 283
309 335
78 328
369 334
151 344
530 330
502 364
185 323
102 256
81 326
102 255
172 301
254 296
89 336
137 327
494 363
455 290
503 296
128 323
540 318
381 329
199 363
190 358
481 287
515 337
397 324
374 274
133 249
392 280
63 331
261 277
213 362
213 361
208 282
61 288
495 314
271 283
491 302
507 275
403 329
226 244
402 300
289 329
170 272
102 272
175 255
228 250
495 320
48 322
451 331
99 290
510 338
441 334
52 310
256 334
413 298
417 322
39 306
105 286
415 295
408 329
515 276
365 291
93 241
550 274
163 282
176 262
272 315
130 339
547 333
63 273
261 278
509 291
509 296
294 330
170 277
554 296
541 343
261 310
526 360
269 272
509 290
394 326
40 303
495 315
365 313
157 336
146 286
557 284
529 335
90 260
437 299
39 312
249 304
516 361
80 279
206 369
168 340
94 267
89 332
207 314
440 315
436 322
96 313
74 339
441 334
280 311
272 308
278 301
85 318
259 291
407 327
274 343
461 281
207 308
89 252
534 372
359 283
466 291
489 315
538 348
372 290
93 297
294 330
209 248
453 320
349 304
274 272
473 277
401 313
91 251
518 274
218 300
39 302
99 274
373 273
221 283
251 331
280 274
380 329
540 280
488 305
207 313
207 324
271 344
100 286
52 304
92 269
549 348
446 310
209 274
37 311
280 336
294 320
479 273
96 329
90 258
214 361
94 274
185 320
410 281
540 301
548 340
543 274
385 285
420 308
436 276
438 313
153 245
364 304
207 295
181 282
81 327
45 280
99 245
221 276
280 338
95 309
202 369
553 274
469 276
493 290
47 322
552 323
227 255
61 326
208 278
272 314
207 277
314 329
158 260
208 361
541 277
138 342
226 274
451 275
40 286
272 308
146 255
93 248
504 295
413 297
508 293
142 286
101 284
548 340
557 352
213 332
269 310
186 318
94 268
541 277
381 284
104 250
213 363
130 251
323 333
92 268
221 294
500 296
253 337
214 356
140 332
207 282
166 341
138 252
516 336
216 257
360 279
535 363
85 290
176 255
410 327
218 293
436 319
453 326
438 312
184 306
227 251
178 262
145 334
249 331
212 298
208 245
379 280
172 303
180 268
452 287
103 301
65 273
203 359
227 253
554 274
72 286
83 325
532 373
184 266
549 309
140 250
348 314
277 342
266 286
346 317
411 316
396 292
505 307
559 328
98 289
86 270
93 281
218 300
501 362
285 306
467 276
266 287
474 274
366 284
398 340
294 317
552 284
530 340
55 292
289 306
516 276
354 324
49 278
157 337
556 274
279 342
319 325
437 289
369 327
150 286
268 309
85 318
547 342
170 308
179 332
509 298
92 317
554 353
99 276
517 360
415 286
552 314
64 283
76 339
463 278
248 331
259 285
150 337
169 251
184 317
557 279
218 280
534 366
276 303
553 358
34 306
93 325
250 338
447 282
34 309
101 301
285 305
131 250
494 365
173 336
163 304
170 286
73 338
451 287
171 259
139 286
86 249
359 309
252 295
548 332
517 335
68 329
263 342
548 299
503 373
283 320
326 339
216 370
187 317
356 333
387 281
249 286
163 342
265 331
49 280
545 357
85 325
46 325
417 319
245 335
501 280
534 363
539 319
50 293
146 255
409 289
211 260
395 274
259 275
177 255
510 319
169 312
530 357
540 343
449 334
550 284
367 334
498 300
504 371
289 284
346 311
265 306
215 316
406 288
163 280
70 282
415 296
188 361
554 356
368 275
136 248
69 282
450 280
170 339
515 362
214 315
246 295
376 273
436 294
393 273
500 292
207 285
178 318
382 272
360 328
161 283
88 259
52 305
511 337
452 286
248 331
385 336
411 308
177 327
257 278
220 338
34 308
270 283
407 309
55 282
264 298
260 298
498 357
91 325
212 297
396 286
493 310
281 322
553 328
103 336
247 330
93 289
451 304
177 325
96 334
95 241
263 331
254 292
553 339
548 312
317 325
217 274
73 331
64 282
554 354
456 298
98 327
34 309
207 341
367 326
283 319
131 251
96 337
534 356
165 271
49 312
278 342
551 330
541 301
331 336
328 328
158 298
44 282
184 311
222 311
91 305
85 287
295 326
508 294
143 292
161 282
481 280
369 275
221 259
277 320
214 341
375 340
517 276
408 283
45 300
145 247
271 309
547 293
209 276
506 332
479 277
296 317
368 282
220 242
137 293
141 285
503 316
222 336
168 319
157 330
436 281
529 358
541 275
557 338
543 364
408 299
559 328
379 279
259 285
456 338
388 279
96 332
96 340
347 317
253 294
547 341
294 318
91 242
517 344
493 290
40 327
164 247
78 280
550 299
418 292
523 371
284 328
106 342
354 323
86 280
225 345
221 310
170 287
346 307
451 287
509 320
541 274
208 323
86 278
535 291
409 321
207 339
318 341
398 340
246 296
96 336
225 274
268 286
479 273
397 280
451 309
398 285
41 286
385 279
212 309
548 349
554 355
91 286
417 308
502 315
95 310
209 331
471 285
46 324
223 324
91 330
55 282
440 274
209 339
398 322
93 312
148 339
533 372
201 373
80 326
525 359
101 339
505 306
494 370
171 337
173 256
502 314
443 286
141 246
278 309
469 286
557 345
69 329
513 336
368 334
479 274
373 274
286 334
200 362
158 289
510 280
137 254
407 288
100 318
348 305
220 351
491 315
274 304
492 291
407 285
96 263
494 286
212 349
314 341
221 323
275 342
224 291
437 288
222 300
492 322
533 357
40 288
162 280
207 256
524 329
505 305
295 315
92 325
348 304
387 274
543 365
153 250
248 283
39 305
45 309
220 327
266 311
462 288
176 319
177 324
500 368
548 331
515 336
106 326
87 262
198 366
262 309
260 304
93 274
453 317
410 319
436 328
500 322
497 329
271 281
172 248
172 249
437 286
225 345
157 329
518 285
166 256
66 331
104 253
266 341
146 291
169 288
97 274
436 324
289 312
142 294
363 327
373 287
219 242
556 304
510 331
506 332
226 254
218 293
225 254
220 311
78 275
453 327
146 329
312 328
503 306
403 292
373 339
35 304
556 304
381 279
401 329
169 339
220 311
532 363
132 331
129 339
91 284
412 305
207 317
558 312
498 335
127 325
58 279
550 339
410 296
171 272
173 320
560 284
400 312
142 300
325 339
416 313
253 329
261 333
540 318
500 294
288 326
398 342
395 342
544 274
93 248
105 266
219 311
275 337
359 309
517 368
49 292
525 359
363 308
70 279
176 315
556 304
165 333
224 276
272 307
83 334
537 323
534 283
51 301
49 290
162 254
133 248
152 286
177 273
36 297
540 347
531 365
69 336
102 251
438 317
363 277
362 297
66 342
34 311
131 263
223 242
511 273
481 285
396 339
496 285
368 331
285 307
257 334
53 328
221 349
182 305
248 284
362 305
248 284
42 283
365 316
66 331
349 304
245 296
207 317
365 285
524 335
215 308
167 246
50 278
147 340
400 314
44 313
496 370
513 331
508 315
166 289
540 314
88 261
549 299
379 279
532 365
554 357
509 374
257 342
548 274
513 362
92 330
129 337
91 313
407 308
47 300
223 292
500 298
217 284
546 274
446 315
220 300
355 286
102 306
172 299
221 363
277 313
127 325
356 291
86 300
498 298
258 290
255 303
218 351
411 308
85 325
523 331
208 324
85 287
69 273
151 286
82 335
372 274
554 352
151 334
550 282
488 314
264 288
540 315
410 283
141 341
547 357
66 329
327 328
436 305
210 295
263 339
182 304
493 314
503 285
264 277
402 305
502 316
454 309
157 250
210 255
555 338
527 275
174 268
540 315
284 309
541 341
183 318
138 342
401 329
380 279
383 329
518 272
213 369
223 293
290 312
367 332
96 307
54 301
541 296
177 314
137 294
455 317
104 277
453 325
351 289
522 280
498 297
419 308
501 311
312 341
45 301
447 342
398 339
348 304
415 313
226 252
224 357
175 299
504 285
532 330
161 328
155 291
436 288
372 326
224 318
449 296
401 322
87 261
218 294
390 329
360 290
213 363
553 345
106 328
453 317
207 347
221 309
129 339
456 274
379 287
352 301
330 328
144 337
277 312
346 308
400 332
184 265
507 315
368 331
170 288
64 284
441 286
265 287
211 243
417 292
41 319
177 325
245 338
208 323
386 279
207 317
365 319
272 309
164 342
436 332
258 287
540 337
286 336
395 326
227 305
546 322
250 340
491 303
295 317
142 246
548 321
216 257
267 311
479 280
247 293
188 360
138 247
166 294
501 368
79 326
137 300
513 343
157 260
72 329
261 330
49 320
260 302
223 322
545 335
404 312
148 247
363 327
182 306
180 314
495 355
129 330
278 326
556 350
166 340
286 273
436 290
224 299
169 287
62 333
203 357
522 281
548 317
101 241
547 274
379 273
439 299
533 329
222 293
276 303
61 335
348 295
272 316
558 327
331 338
157 291
530 371
86 251
358 329
206 254
84 325
401 305
176 262
492 324
327 325
451 307
158 342
55 291
553 322
462 288
96 340
70 281
153 329
558 274
254 279
224 344
362 309
437 286
443 329
540 289
184 311
171 308
182 275
208 368
412 314
99 272
526 329
182 303
49 332
172 302
293 320
508 291
400 313
52 342
168 323
247 331
214 318
52 341
48 322
212 348
437 316
364 319
364 303
39 311
384 279
254 336
356 322
327 326
145 300
208 247
134 248
173 320
157 301
490 324
168 321
183 265
382 329
68 337
545 323
53 310
409 327
214 242
165 272
346 310
356 323
140 300
544 274
99 272
85 288
274 307
137 294
281 309
361 306
436 316
41 325
365 303
543 294
549 298
444 302
508 363
507 338
274 300
412 295
445 302
398 279
165 270
411 305
156 245
502 311
360 283
51 332
461 281
165 333
389 328
220 334
245 335
165 246
548 341
367 277
95 264
54 286
527 277
534 363
84 324
456 298
203 359
223 333
286 339
289 312
85 281
445 320
86 278
397 281
382 273
273 304
198 361
181 307
40 330
437 299
47 323
259 275
137 290
283 319
545 360
441 329
258 286
207 250
547 313
436 335
370 289
515 371
101 242
543 294
540 338
454 315
205 356
515 343
552 296
206 352
370 275
501 365
220 364
102 306
106 341
99 319
513 372
66 342
536 362
503 304
523 372
557 295
288 326
361 339
546 274
189 368
557 284
261 309
35 303
251 301
265 298
174 332
496 301
39 331
540 318
405 286
543 361
256 276
245 330
81 335
220 365
560 338
256 334
398 335
250 281
100 286
250 339
166 289
100 284
513 362
89 306
221 261
367 324
285 339
359 283
88 258
99 283
46 330
347 305
501 278
207 274
50 319
532 329
408 322
383 329
546 311
227 251
95 265
252 295
402 276
273 332
103 331
348 317
437 274
352 301
247 290
532 330
493 310
402 305
400 312
285 334
253 291
89 305
409 308
540 296
212 309
88 277
252 331
553 354
315 341
86 253
34 308
449 337
501 367
269 305
248 289
558 294
99 271
87 265
272 304
97 304
348 304
418 308
358 322
221 349
534 285
138 300
354 321
137 300
552 298
209 244
137 293
286 334
275 331
257 287
52 276
289 312
171 260
208 303
40 286
253 328
419 318
172 248
541 343
98 289
189 366
227 305
347 300
49 289
539 347
219 342
522 282
316 340
279 272
514 325
453 304
223 334
56 340
158 245
218 315
207 281
106 325
321 323
219 340
408 299
86 317
197 365
153 286
282 333
558 329
144 285
207 369
207 309
181 313
272 343
346 300
421 308
553 289
34 304
540 333
216 283
351 288
501 328
37 296
407 285
553 322
443 291
38 303
398 339
529 369
166 291
220 337
418 308
496 284
106 342
98 241
381 279
407 297
318 340
401 294
515 361
448 338
214 361
508 300
381 273
220 338
144 338
510 280
523 332
397 338
165 246
366 337
106 341
105 266
552 339
268 304
63 284
55 339
553 314
55 338
101 301
409 295
205 369
58 274
546 301
224 359
140 247
316 324
536 372
357 284
69 336
164 277
254 309
87 340
245 326
214 260
437 300
160 327
356 286
503 286
467 289
76 279
450 320
399 333
312 327
498 299
471 285
409 296
137 255
101 340
481 285
69 337
246 326
378 332
55 321
210 274
289 287
513 361
50 307
438 286
481 288
215 294
155 296
82 291
103 336
548 283
401 309
327 329
514 325
130 254
469 276
410 319
446 314
543 285
373 342
157 245
438 314
85 324
207 281
52 329
353 301
356 307
436 298
260 301
539 287
283 308
80 335
511 274
59 273
224 254
246 335
468 286
555 296
377 287
494 365
63 286
479 274
528 369
460 285
207 248
558 343
556 352
502 292
451 305
93 291
540 319
105 299
530 358
55 276
101 340
225 282
458 295
267 311
271 344
216 356
546 357
100 254
165 247
392 328
154 285
83 324
453 316
407 286
223 242
457 303
95 339
556 344
160 257
255 308
383 329
548 309
211 331
282 309
321 333
137 254
367 275
177 327
346 306
543 306
436 317
146 246
356 299
522 361
373 286
395 340
380 279
381 329
331 334
517 370
442 342
386 342
316 341
141 341
165 247
490 299
248 288
80 335
436 297
439 310
555 296
50 320
181 302
102 262
365 285
219 339
313 327
55 293
460 284
522 360
142 285
218 366
539 319
165 273
102 241
513 367
55 285
247 291
86 300
293 328
367 290
534 284
219 242
83 332
255 289
40 289
56 274
202 359
164 278
490 297
86 280
523 330
513 273
446 283
253 338
333 334
550 338
285 273
554 338
264 288
401 303
168 286
449 295
175 279
506 340
271 330
59 273
366 285
393 340
509 338
395 340
362 327
265 284
346 311
508 293
159 257
189 368
376 338
175 330
530 274
169 318
275 272
490 295
170 308
89 305
355 311
177 329
468 276
289 287
361 305
64 282
436 302
163 305
532 329
502 321
541 309
396 333
103 330
280 320
207 282
378 334
219 306
184 264
500 322
105 297
89 332
506 360
43 325
208 368
489 302
387 279
347 298
175 256
501 327
367 275
490 294
207 279
411 308
548 319
143 246
347 300
65 331
153 291
245 295
83 324
103 328
271 340
101 254
556 274
354 295
514 336
66 331
537 351
169 318
98 319
138 290
188 361
380 344
87 278
526 276
51 332
160 245
98 302
78 279
142 338
436 335
320 338
189 369
138 286
278 272
88 339
521 360
160 250
381 273
87 243
128 332
481 288
491 292
85 324
101 241
245 297
408 297
494 289
400 300
86 248
87 305
347 317
409 327
139 300
283 333
286 315
533 355
312 327
254 278
375 339
403 329
550 356
500 292
451 306
501 366
222 359
381 287
86 276
148 329
196 368
373 288
162 250
217 339
498 307
503 278
469 286
404 289
215 242
131 265
78 275
222 274
164 277
541 275
59 273
143 292
222 334
60 288
540 299
189 368
326 328
127 324
128 338
39 329
255 309
226 251
316 340
545 306
327 339
280 342
317 324
462 293
225 355
296 315
294 327
261 333
387 329
399 331
260 311
541 287
190 358
455 297
399 279
405 329
161 255
106 272
397 338
324 332
165 324
140 342
229 250
368 290
508 338
285 274
411 308
348 294
379 287
213 331
295 326
495 309
44 316
269 338
215 294
330 337
64 331
100 271
528 274
361 339
68 339
547 330
540 315
99 263
493 291
398 321
70 281
79 328
532 365
297 315
93 324
376 339
222 320
436 323
153 286
174 332
377 336
93 247
271 282
160 257
170 310
490 323
501 279
213 371
267 306
131 263
52 339
440 310
217 353
94 339
552 338
92 283
461 290
537 350
181 313
552 282
215 308
346 302
494 369
95 330
453 320
512 285
209 322
356 307
220 365
94 312
147 285
272 330
560 324
127 339
214 260
347 300
408 322
43 325
527 276
373 273
40 287
264 288
311 340
159 283
522 272
60 288
545 306
388 342
180 301
207 343
221 322
493 312
523 332
541 370
381 342
364 314
51 276
257 334
225 356
50 277
455 325
99 247
548 356
143 337
177 262
556 337
455 292
171 258
79 326
378 334
101 336
366 291
207 302
479 277
222 320
176 275
143 285
454 286
208 364
207 291
510 338
354 314
50 278
439 342
314 339
473 284
386 343
177 255
210 274
414 289
351 291
99 281
177 262
537 327
395 273
535 354
527 329
104 312
142 341
266 331
555 338
99 283
436 339
268 274
526 329
88 340
180 284
373 274
173 334
103 301
559 323
224 254
554 274
536 283
207 319
528 374
358 291
360 319
166 340
366 334
82 334
183 274
221 290
147 246
93 248
207 330
540 301
252 301
104 301
521 272
509 300
69 284
104 251
248 290
490 301
86 315
213 369
490 324
368 275
533 355
496 299
392 328
473 274
161 297
219 322
490 301
541 274
443 293
207 311
54 290
168 316
92 274
398 280
87 264
264 289
62 286
373 289
364 314
480 286
177 296
489 298
552 338
172 256
282 334
439 311
170 309
226 254
87 305
446 314
518 367
138 287
407 284
221 332
165 276
410 319
496 299
160 297
355 308
167 340
294 325
515 282
515 331
346 305
39 292
444 286
524 359
222 322
412 313
411 295
415 286
188 364
503 310
436 286
214 308
415 286
366 335
410 307
40 327
364 302
543 363
177 314
416 325
206 369
552 298
506 331
97 307
346 304
511 336
399 331
173 336
178 252
152 296
294 310
45 331
347 298
277 319
373 339
177 255
294 318
78 279
185 272
528 369
394 328
442 329
224 344
500 294
406 297
294 320
132 249
51 277
291 279
493 312
361 278
462 279
449 274
207 314
210 244
178 254
380 344
166 292
52 330
331 336
328 339
167 340
45 311
347 298
505 340
154 291
398 323
557 350
368 284
514 361
262 309
265 339
55 301
474 284
45 330
436 330
470 285
222 347
150 329
181 308
544 294
366 302
67 339
63 273
496 309
263 339
373 273
177 329
66 273
251 330
279 309
556 350
149 329
106 328
436 303
79 327
278 282
511 273
78 278
461 283
508 290
262 275
105 311
218 339
394 280
529 334
97 255
207 280
436 324
523 335
452 274
555 338
407 326
259 285
169 315
106 295
253 337
291 279
184 259
172 328
87 264
207 288
542 330
559 304
556 296
221 261
539 319
398 333
92 291
377 273
93 312
491 323
366 326
218 339
446 284
319 332
172 300
373 289
265 284
212 348
34 304
280 319
47 278
143 338
448 296
280 342
288 334
180 284
75 329
164 277
178 261
452 330
364 314
523 366
211 255
274 330
489 305
172 257
453 327
88 261
157 343
541 275
172 300
94 340
86 252
500 322
518 275
374 286
295 315
179 307
214 252
78 338
217 242
494 309
541 343
224 299
163 279
362 319
436 317
65 340
508 291
317 324
158 250
165 303
155 291
276 342
72 329
70 279
131 264
257 288
127 322
417 324
555 350
266 339
168 314
476 284
488 313
35 298
410 281
354 313
94 310
152 344
493 310
165 333
441 329
58 274
42 286
385 279
164 342
352 288
372 327
207 284
415 294
96 306
408 284
489 299
494 364
93 268
206 248
545 294
387 279
436 297
64 331
558 279
415 313
501 279
401 307
158 260
262 330
93 324
401 311
219 364
277 328
506 339
285 318
60 335
347 299
85 281
251 336
213 274
500 323
381 272
277 320
448 310
91 242
453 318
557 312
40 287
448 294
514 336
496 300
249 305
95 274
101 318
255 289
212 309
538 350
436 330
519 272
542 308
95 297
442 286
94 297
360 329
181 301
217 340
543 361
141 300
270 285
208 365
501 290
201 371
406 328
225 341
281 334
346 311
552 330
158 245
252 281
275 329
251 329
257 288
93 241
365 335
506 276
271 299
502 321
541 370
314 325
82 335
436 289
41 285
44 324
130 262
264 289
549 349
558 327
45 309
158 260
86 262
91 285
312 330
35 302
93 251
144 292
445 275
391 328
543 296
57 321
197 374
90 330
82 323
417 308
543 286
218 368
196 366
289 287
398 338
252 280
224 356
540 313
185 327
127 329
220 336
364 336
149 246
102 308
59 333
85 285
257 334
77 328
89 241
145 334
53 276
492 323
409 307
100 271
44 281
539 333
312 340
97 319
138 254
220 254
137 299
87 310
374 286
500 366
165 333
207 351
97 274
463 279
256 289
503 304
105 294
35 302
79 328
531 328
188 365
513 325
442 340
364 326
514 372
248 304
49 292
356 286
89 335
216 355
494 356
438 311
66 338
188 360
79 337
86 273
215 294
417 323
325 331
453 320
295 325
406 297
500 295
264 275
550 282
377 335
52 342
282 308
557 284
505 341
66 273
41 327
448 296
166 291
492 322
436 328
540 346
45 310
501 365
362 327
448 339
127 337
447 282
101 338
137 255
55 295
503 373
181 314
262 298
520 360
541 276
540 297
127 336
161 342
214 356
162 326
327 339
154 285
159 250
95 256
168 315
41 326
506 360
173 299
381 341
171 260
494 366
40 292
183 300
78 335
272 281
368 290
106 325
444 299
525 329
93 248
536 363
396 339
499 364
535 371
172 303
541 296
467 290
356 285
138 289
75 329
499 367
417 322
395 280
260 303
558 292
106 341
499 295
408 320
138 299
293 319
309 336
213 274
455 304
498 335
64 344
172 328
265 284
546 274
157 334
215 284
362 336
497 299
144 246
326 328
523 330
400 304
499 362
208 302
535 325
153 296
263 338
99 327
461 291
351 327
523 331
547 333
387 329
150 329
145 285
325 331
76 278
410 294
93 248
453 328
198 360
214 342
558 284
55 339
48 289
505 340
35 304
350 327
49 289
62 285
40 302
42 325
417 323
545 336
294 310
436 317
280 342
384 284
560 303
540 316
522 272
346 317
446 320
558 330
495 309
163 265
490 294
219 248
212 348
362 297
367 277
439 274
380 272
520 272
544 306
262 338
461 282
387 274
451 328
539 345
460 284
86 315
446 309
352 288
201 359
518 368
547 306
547 311
539 282
508 305
130 258
254 309
488 309
207 331
365 319
436 319
466 276
212 295
82 333
499 328
105 299
79 285
365 334
219 247
451 305
268 273
211 255
46 279
378 273
90 330
212 349
252 336
507 339
353 285
403 292
557 350
88 259
503 303
99 282
416 303
282 331
362 297
45 310
168 323
401 309
206 248
445 274
498 336
130 265
356 308
160 250
518 273
218 257
507 360
375 339
227 306
387 273
558 312
357 291
60 292
40 287
255 301
93 274
436 286
365 336
98 287
149 285
85 318
41 286
102 262
94 274
516 336
205 355
312 333
93 247
438 286
221 253
295 316
255 289
155 250
104 328
179 307
557 344
448 293
168 322
143 338
221 361
151 285
45 310
210 243
320 323
183 300
511 336
42 284
139 342
178 255
99 281
479 276
509 374
528 373
507 315
60 279
41 326
453 325
542 295
532 327
212 308
521 272
224 288
205 356
98 255
559 323
219 292
292 277
479 279
271 304
86 256
207 344
400 314
407 326
207 274
215 308
93 280
221 242
396 325
503 306
168 311
406 338
44 299
539 318
451 320
560 343
436 314
443 285
404 286
492 290
216 308
176 262
219 300
175 277
395 339
277 320
309 335
494 309
245 337
207 310
253 328
42 318
188 365
43 282
173 267
503 305
153 291
558 294
397 338
543 367
212 300
144 291
528 358
535 327
394 340
206 250
398 321
310 335
289 331
294 285
40 317
163 326
92 319
226 253
81 291
552 338
86 246
515 331
535 283
59 335
316 324
295 317
542 296
280 337
65 331
436 327
50 278
178 262
55 321
555 352
351 287
540 314
93 249
559 325
98 286
436 325
525 359
529 365
158 283
207 305
188 360
391 328
500 280
463 277
176 319
188 363
556 296
84 321
217 274
436 307
453 315
217 242
468 275
149 246
379 329
142 339
446 320
60 291
505 340
97 304
177 314
500 292
134 248
539 346
277 320
560 302
169 339
346 306
495 356
261 311
209 244
540 282
450 301
400 313
513 365
254 279
508 274
179 304
51 332
543 359
316 324
373 339
536 371
293 318
271 338
219 280
556 279
152 245
283 308
355 312
515 343
215 295
506 361
53 301
252 279
503 304
507 359
81 326
511 336
381 286
156 337
270 331
160 327
272 317
363 314
171 337
454 338
392 289
512 290
261 311
143 292
446 282
556 350
207 293
197 364
538 291
222 332
260 302
539 297
549 330
489 301
41 325
95 264
528 370
214 347
86 313
97 256
377 280
517 336
468 286
87 308
217 323
261 298
436 310
153 285
168 339
215 252
373 343
348 297
373 342
245 334
265 285
548 311
55 317
245 297
325 341
163 245
355 310
446 307
162 335
207 299
499 367
494 364
176 316
72 329
441 309
479 279
165 304
496 308
554 350
367 284
513 372
218 282
346 300
512 330
151 337
364 336
492 290
225 341
76 279
498 297
38 291
52 341
367 284
501 322
47 278
79 289
158 328
144 300
245 297
159 245
408 284
207 331
51 312
41 326
323 332
456 286
436 305
215 252
172 337
177 315
523 330
159 283
75 280
265 297
517 273
528 374
441 309
559 326
442 324
507 359
470 285
512 285
407 310
365 314
100 255
398 320
207 277
453 320
346 300
504 341
91 315
495 320
208 324
98 255
70 281
474 273
175 255
548 320
456 274
495 300
540 340
138 286
260 334
494 360
553 354
448 320
207 352
137 298
278 312
201 371
397 285
378 333
172 257
408 308
223 347
451 334
465 277
283 308
397 279
496 335
501 290
151 334
549 293
254 278
183 332
419 318
355 307
542 368
91 318
249 304
206 249
530 358
152 329
541 308
257 289
96 336
365 302
373 333
499 368
179 308
288 326
449 336
79 285
388 272
45 281
533 327
165 304
93 330
495 321
373 339
85 289
219 365
137 291
417 324
445 299
80 325
220 242
86 247
146 329
245 332
55 337
45 324
393 341
538 350
82 333
315 325
34 306
225 355
127 339
183 300
201 360
322 323
524 280
217 352
152 296
69 336
184 259
556 350
154 285
417 309
270 284
176 274
436 319
553 328
49 287
357 285
374 339
548 350
245 292
294 310
507 359
518 273
218 323
559 327
275 272
528 358
62 288
208 274
266 306
136 247
395 340
403 291
198 374
559 323
378 333
390 279
446 312
539 348
174 299
551 328
250 281
54 276
490 324
245 338
52 330
560 284
354 284
524 329
393 327
59 334
185 323
101 254
436 327
533 356
436 302
415 295
220 280
457 303
491 322
199 360
461 284
366 325
67 336
543 358
207 321
453 280
265 297
493 312
261 331
451 328
517 361
282 334
392 289
355 309
157 250
188 317
272 281
413 327
136 254
201 360
130 259
176 299
168 267
165 333
176 277
97 318
104 250
78 335
360 329
489 302
543 368
407 327
201 371
56 282
280 319
166 324
309 331
184 264
211 243
96 274
436 323
542 287
493 312
204 369
533 363
212 320
207 310
153 291
548 320
392 327
381 341
245 338
490 294
349 326
547 282
245 332
282 331
224 309
60 279
85 318
218 291
143 337
196 367
447 281
207 327
215 315
51 277
535 291
252 328
542 330
451 307
512 336
225 274
294 317
170 281
504 341
455 274
494 288
182 300
496 307
547 306
373 274
293 325
136 261
188 369
156 284
506 276
145 329
496 284
272 304
453 325
324 332
61 333
468 286
90 330
224 358
553 280
501 321
436 314
364 303
150 336
402 320
408 283
245 338
173 333
514 325
96 263
94 339
559 304
436 298
196 367
208 363
89 242
245 331
212 321
417 310
528 368
252 280
404 339
197 364
540 316
93 241
406 310
407 310
245 334
446 285
396 325
445 274
102 309
393 273
246 288
167 322
400 299
262 298
146 246
36 295
207 337
557 303
503 277
446 312
265 285
55 282
218 339
387 274
325 340
97 256
551 328
266 274
543 368
536 371
178 261
177 309
397 286
220 335
503 285
381 287
137 285
511 337
224 345
137 285
355 310
252 296
454 315
450 334
495 309
45 309
285 273
556 345
219 241
85 284
536 362
219 242
78 278
254 278
415 286
167 261
160 327
285 340
144 292
384 272
90 305
47 278
510 331
466 276
391 279
163 305
507 315
496 334
512 336
166 322
463 277
471 284
215 251
285 340
510 331
130 262
548 330
49 321
510 320
357 283
40 317
534 354
63 333
473 276
543 365
378 328
50 306
187 317
44 315
165 342
540 315
504 285
219 314
207 297
145 299
518 368
540 318
497 297
373 274
85 289
148 245
320 338
127 335
373 273
265 274
85 320
53 327
245 329
213 356
188 359
461 293
328 325
272 299
523 367
127 337
436 328
272 337
461 280
394 340
436 303
419 319
550 356
54 285
127 322
407 327
311 328
459 285
173 299
86 249
436 327
436 289
92 282
144 285
103 315
148 245
547 293
101 318
224 289
224 357
503 307
409 281
170 251
292 318
510 320
145 246
501 278
525 359
450 280
515 336
518 368
220 300
494 288
533 287
45 304
168 339
363 326
363 327
407 284
559 292
501 288
413 327
218 306
378 329
69 282
380 278
324 332
398 321
153 245
221 322
409 295
367 333
92 248
528 370
213 370
411 305
52 332
66 340
469 274
354 322
106 286
372 327
507 331
347 296
147 255
226 341
158 284
522 280
256 289
411 315
55 282
346 312
77 328
541 276
361 308
362 297
170 337
168 286
542 296
206 253
524 360
177 329
471 285
454 315
497 282
182 282
463 277
170 308
533 363
501 279
224 345
93 281
414 313
94 280
547 344
91 241
130 257
217 353
542 274
540 314
361 327
248 288
444 301
34 310
245 297
557 321
36 322
95 297
224 308
219 351
171 260
69 272
55 338
99 286
275 330
219 314
456 303
219 351
245 335
319 332
206 254
50 277
251 330
549 349
436 339
474 282
445 274
55 296
171 258
400 299
547 357
441 309
508 292
550 298
554 354
221 334
179 307
103 301
376 338
130 250
285 273
494 370
245 331
41 327
176 318
224 357
275 337
215 308
559 343
36 324
471 285
287 305
531 357
436 275
261 333
495 309
223 290
509 374
136 261
446 307
536 282
91 249
182 299
166 294
164 334
176 316
508 314
158 342
367 324
416 312
265 294
386 279
393 289
549 282
207 310
285 279
216 284
346 305
346 305
265 275
450 320
266 273
136 254
60 288
143 293
196 368
219 248
514 325
214 316
553 274
99 285
503 310
522 282
259 299
361 327
287 305
396 285
218 305
533 356
385 337
50 320
221 349
268 273
356 294
356 293
172 251
57 274
554 280
538 348
219 314
284 308
99 248
354 301
358 282
137 297
204 357
501 321
401 311
292 318
436 299
400 316
499 296
350 291
558 274
380 285
86 252
436 306
213 371
270 331
207 286
289 331
471 274
106 241
285 307
46 280
513 365
85 317
207 248
86 268
375 273
37 292
365 284
314 326
497 284
557 295
222 320
325 339
139 342
507 275
436 274
534 355
360 281
419 319
372 289
222 300
436 334
267 331
549 282
538 321
495 321
221 311
442 342
521 272
197 365
173 269
490 296
548 293
154 285
67 338
400 299
130 252
347 296
507 360
508 338
394 289
495 320
86 268
100 271
92 284
379 278
499 366
86 255
220 337
508 314
547 322
144 285
347 300
54 291
508 274
497 282
219 363
548 350
513 360
257 287
255 277
213 242
55 274
268 273
546 274
333 334
213 370
321 332
470 285
443 280
546 313
319 324
252 280
386 329
173 248
395 325
207 347
493 314
66 339
158 342
441 310
151 334
221 311
292 319
58 335
436 342
52 301
222 274
207 316
159 250
207 294
547 311
99 326
354 315
217 300
372 343
178 324
162 245
373 289
250 282
156 245
86 310
556 322
490 324
71 279
347 298
547 293
175 278
410 320
383 329
209 244
259 334
499 293
245 325
252 329
523 272
554 280
506 360
165 334
534 355
251 337
444 285
444 285
407 309
77 285
102 318
162 281
507 359
34 316
245 332
92 313
101 339
137 298
499 366
182 274
450 274
142 295
453 317
330 337
384 329
131 249
67 272
151 336
165 295
176 277
162 326
268 338
417 311
528 275
262 339
540 302
253 278
178 253
323 332
501 316
537 353
47 323
49 321
436 340
325 340
407 297
183 274
36 295
540 313
99 249
267 311
95 266
49 277
545 335
279 319
495 334
381 278
208 363
93 247
497 306
536 282
133 248
185 271
369 282
220 333
546 283
557 350
509 274
350 326
214 317
409 295
137 290
66 330
64 344
330 336
203 369
436 316
153 291
533 363
325 331
557 350
493 314
286 315
176 275
170 277
196 368
219 248
182 299
436 289
212 242
463 278
285 318
507 339
206 352
52 328
104 301
63 273
45 281
452 280
262 309
144 291
208 245
136 261
453 280
96 338
453 326
144 337
449 335
105 296
505 341
215 347
184 265
288 334
467 276
559 317
220 253
509 374
227 317
188 370
513 362
168 322
367 275
540 296
98 289
138 342
162 280
208 364
413 313
262 274
550 329
505 276
453 280
106 286
501 316
127 334
90 241
271 338
158 329
359 282
98 303
178 252
206 353
557 321
86 270
320 324
201 374
284 307
167 261
456 279
262 309
523 272
217 283
509 331
97 304
99 326
155 291
519 328
554 353
55 324
528 374
450 280
60 290
85 318
165 273
549 306
92 312
355 310
167 287
52 275
412 313
34 312
55 296
106 277
267 311
256 343
158 250
155 284
55 317
213 260
467 286
168 313
288 333
282 308
47 289
559 292
219 345
466 288
267 311
146 329
62 285
448 280
538 322
224 344
310 331
325 341
160 250
436 291
398 279
130 258
225 282
555 296
86 254
447 274
479 277
448 338
397 338
358 280
510 331
98 286
44 282
77 338
417 324
179 304
554 352
206 368
476 273
497 283
270 304
292 275
411 307
207 282
376 338
36 325
138 343
534 284
136 262
492 292
351 289
541 369
248 284
436 324
543 295
530 340
34 311
382 339
97 305
175 279
282 309
285 274
354 285
278 318
86 258
176 262
542 287
278 342
144 337
163 303
494 355
367 276
92 325
469 286
391 288
397 324
441 310
165 271
415 313
206 248
167 287
286 315
412 305
160 245
102 308
165 289
328 339
140 333
42 325
178 261
555 295
461 284
455 286
559 343
358 329
104 277
508 300
372 325
147 285
159 289
516 360
490 323
560 274
138 343
532 363
555 337
217 241
218 300
493 314
94 241
528 368
407 327
86 317
477 273
259 299
137 291
273 281
207 322
551 356
438 286
213 327
449 320
166 261
188 362
180 284
137 292
403 291
92 249
216 308
542 308
163 250
548 350
44 299
355 308
216 274
271 282
544 294
509 290
69 329
216 258
95 339
287 305
103 316
130 263
176 314
398 338
130 260
185 271
207 338
253 336
558 328
134 331
494 357
215 286
99 241
224 289
208 368
346 307
84 321
523 367
272 304
507 315
357 283
532 364
277 320
172 272
151 329
207 317
92 249
275 329
220 334
220 337
406 286
418 319
47 330
100 326
367 332
516 273
217 291
137 327
218 305
322 323
223 320
391 328
288 334
501 291
468 274
252 281
215 315
168 267
168 339
86 277
539 333
529 328
503 278
362 277
86 258
557 344
55 339
276 342
513 365
537 282
219 249
481 273
498 296
332 334
206 248
152 291
400 320
203 358
142 329
173 265
42 284
157 301
86 311
417 325
83 333
36 321
197 366
218 248
57 274
66 339
83 333
439 274
55 282
375 286
516 273
537 353
163 326
90 291
253 291
271 343
106 286
259 286
553 280
441 329
86 264
523 335
403 291
506 340
352 302
245 295
207 302
55 337
182 274
546 313
510 290
463 278
207 349
214 252
410 307
436 279
171 258
436 337
551 338
77 278
501 291
260 298
388 279
362 305
354 321
207 348
458 297
516 336
540 314
453 328
471 273
245 327
293 329
258 334
497 329
91 241
523 366
245 293
80 335
265 298
36 296
86 301
137 285
103 315
130 261
218 366
368 275
90 291
158 259
86 312
515 343
411 317
548 306
91 274
506 361
133 249
525 329
436 288
137 327
220 334
488 315
436 294
540 275
396 286
443 274
413 327
219 300
319 324
525 359
127 329
58 334
507 275
214 318
99 327
163 335
224 259
451 330
468 286
131 250
494 365
461 280
556 335
207 280
257 289
508 314
253 301
365 314
289 288
106 249
257 287
95 279
537 322
530 357
252 329
216 354
413 326
179 324
268 306
407 309
215 295
49 286
495 309
410 295
223 274
510 281
185 273
37 293
214 315
259 298
99 286
557 274
410 320
215 274
207 300
558 343
410 294
271 280
85 287
448 336
259 298
511 337
359 280
207 280
52 340
436 331
160 298
461 283
201 374
170 272
183 331
100 300
469 285
163 279
291 274
503 308
442 324
320 339
372 326
261 309
91 252
285 317
163 326
549 274
436 294
161 297
130 255
37 293
558 295
174 320
380 273
218 283
450 280
157 335
127 329
100 318
518 367
467 276
407 310
92 330
415 286
363 314
400 303
446 310
207 324
328 339
499 281
446 315
377 279
436 301
176 299
269 273
381 278
101 269
140 246
412 313
65 341
49 288
349 291
224 308
85 291
285 339
245 291
547 333
226 253
140 332
154 329
90 297
442 342
165 334
270 284
200 359
95 339
398 324
40 317
87 243
506 331
557 279
103 261
132 249
548 354
37 292
546 322
256 308
447 334
188 373
207 300
227 330
177 298
93 311
96 338
558 279
219 241
221 322
213 369
207 322
87 241
86 245
507 295
134 248
80 325
514 343
451 330
532 357
353 301
130 259
282 309
494 289
207 279
249 282
93 268
509 290
93 297
506 361
361 309
535 327
213 330
383 329
297 315
141 342
257 287
494 370
254 336
553 345
207 318
503 373
286 339
166 322
66 331
367 276
130 257
141 342
272 304
404 339
265 288
556 335
54 288
415 286
406 328
520 272
142 340
539 345
160 245
152 296
285 276
206 252
86 241
493 330
47 289
131 249
497 283
520 360
90 292
93 311
532 364
533 363
284 316
364 277
395 287
502 316
66 338
64 273
454 314
85 284
499 293
71 329
503 309
135 331
162 335
147 285
505 277
92 249
409 283
413 326
253 293
395 326
346 313
181 283
74 338
317 324
183 265
258 287
52 331
351 287
296 315
309 336
207 298
540 344
500 362
37 292
75 329
97 318
207 284
501 292
79 326
320 332
162 281
533 363
416 312
207 284
259 275
86 310
147 245
513 364
408 320
53 327
416 294
265 296
101 270
529 274
181 282
99 274
55 282
266 273
548 299
311 329
537 322
197 374
171 286
255 336
550 298
138 290
208 245
386 272
375 273
273 272
540 275
86 317
218 339
172 251
94 310
96 335
60 279
518 287
506 359
524 366
399 332
388 329
531 328
510 372
106 294
188 373
285 279
86 257
90 297
360 328
207 293
417 323
559 327
77 278
148 245
364 314
216 283
157 284
216 284
442 279
537 323
263 298
354 312
557 279
333 334
207 289
478 273
254 290
221 321
401 299
400 314
35 298
507 359
503 304
177 262
86 276
245 326
163 245
99 273
140 334
321 323
529 365
176 325
207 326
157 336
489 300
49 277
319 332
396 325
218 366
365 319
251 280
38 291
474 283
211 274
153 285
93 341
555 345
407 285
170 329
327 328
495 286
554 280
488 316
469 274
557 294
455 292
86 252
52 331
165 274
97 320
558 303
216 242
534 370
105 277
268 304
346 300
544 294
221 291
528 358
78 278
328 339
138 254
524 360
80 335
416 325
412 327
437 274
549 299
55 322
97 320
85 283
247 286
448 295
77 278
522 282
436 301
449 334
451 330
188 370
471 285
159 259
161 250
99 327
219 363
55 275
52 341
206 369
86 273
357 282
157 284
86 248
553 289
90 325
170 278
200 374
227 250
442 339
402 277
453 315
400 315
409 307
523 360
258 276
140 247
390 288
283 330
94 340
147 254
185 273
320 340
224 318
43 282
411 305
168 322
379 273
407 286
91 325
206 367
420 300
164 278
63 273
506 275
282 332
205 369
207 351
533 288
455 304
365 332
102 254
261 310
99 247
371 289
93 268
167 321
183 264
89 241
543 361
411 317
188 359
217 242
493 313
497 298
133 249
558 328
491 292
436 328
542 296
176 277
249 282
213 328
399 333
86 242
401 299
64 273
282 308
81 325
494 290
41 317
451 331
523 368
211 274
45 281
44 336
176 262
265 297
510 325
371 275
528 373
222 320
52 332
280 339
349 325
444 329
217 338
361 338
147 254
210 274
98 327
417 325
467 288
277 320
145 246
436 310
218 280
171 251
153 291
52 275
362 327
223 332
155 245
106 277
86 312
509 320
522 282
505 338
469 284
176 317
360 318
160 250
212 308
245 340
453 327
417 308
270 331
106 272
74 338
39 310
44 313
494 290
215 252
159 342
225 355
40 287
142 246
207 246
395 334
558 329
217 274
436 283
55 319
436 327
436 278
51 312
64 273
529 367
86 262
279 326
558 279
442 324
142 246
409 297
461 280
44 314
68 272
55 284
520 360
172 249
494 322
349 292
245 337
280 337
102 254
245 326
89 336
504 341
207 305
492 290
322 331
261 332
461 293
207 288
265 274
217 306
527 286
447 325
63 272
404 289
352 286
501 290
436 327
214 317
488 312
466 287
346 300
86 341
537 353
552 289
529 367
355 312
96 337
155 291
134 331
280 272
251 280
75 338
185 325
277 312
330 336
254 308
155 285
351 288
444 285
470 284
40 317
407 328
93 248
509 274
175 320
93 330
311 329
292 318
158 301
215 295
102 263
360 280
414 325
86 266
259 286
261 333
100 270
99 327
465 277
63 284
162 327
556 350
146 291
310 330
388 342
47 289
188 358
225 341
369 275
444 329
264 298
533 327
72 329
161 297
166 324
554 280
318 324
42 284
98 287
164 279
271 283
558 293
137 343
51 276
155 260
101 339
520 272
96 337
284 317
460 293
157 328
105 300
479 273
400 303
531 328
505 285
138 342
99 263
362 297
327 339
98 274
493 313
374 286
38 291
358 280
363 314
36 296
63 333
144 285
552 282
261 340
169 286
218 300
525 329
366 302
97 319
556 304
59 274
493 313
173 265
85 291
101 337
498 282
100 270
260 298
172 304
506 359
82 324
554 354
532 356
99 327
455 298
76 280
86 269
512 330
378 330
378 329
256 336
453 328
218 248
86 247
312 328
446 274
436 323
146 255
280 335
68 329
514 273
53 327
206 249
224 288
208 367
466 287
547 357
207 322
257 285
87 308
196 368
60 292
279 272
86 272
163 280
158 260
74 329
170 280
493 331
538 322
543 287
197 374
100 255
436 338
95 280
213 320
417 310
446 274
77 338
498 282
197 365
355 308
188 359
294 285
403 290
100 270
86 251
497 299
497 298
49 289
36 294
539 288
289 331
456 303
206 249
98 327
542 287
294 284
164 289
251 280
529 365
164 288
445 274
289 333
453 286
136 262
465 276
454 315
207 346
292 284
267 311
444 329
451 280
36 296
351 287
554 280
403 299
505 276
90 297
176 316
278 282
64 331
161 255
417 325
436 304
286 305
542 274
217 242
530 340
500 362
349 324
509 325
364 314
224 346
137 343
436 278
75 328
168 311
188 363
267 311
277 313
270 338
447 274
360 319
78 338
224 288
356 333
549 330
141 342
165 261
143 293
553 355
556 336
446 299
84 320
164 278
496 285
369 290
496 284
245 327
505 341
519 360
127 334
127 332
347 297
408 307
77 338
161 256
436 289
403 276
400 299
279 342
222 290
165 303
96 306
465 277
221 279
313 326
496 283
454 274
416 312
388 329
463 278
175 277
71 329
65 272
415 295
215 285
207 295
493 288
513 325
277 272
183 266
36 323
436 296
91 250
385 334
559 343
548 356
207 302
358 280
500 323
137 290
164 326
346 302
213 362
550 282
558 317
207 346
513 343
436 280
443 274
544 274
85 319
58 274
271 272
252 296
207 345
255 308
55 323
130 251
251 337
408 320
400 301
446 307
444 299
532 327
93 297
43 336
547 344
401 299
127 335
378 331
374 339
293 284
204 369
151 329
180 304
91 251
452 287
100 271
127 323
197 366
380 344
137 288
75 338
79 275
274 272
55 317
226 274
394 327
502 321
36 325
170 251
365 335
97 320
534 283
51 276
354 324
38 291
274 337
381 285
219 323
350 289
188 360
409 293
505 285
451 333
365 302
271 299
270 282
39 317
100 326
69 336
284 307
370 282
188 367
281 333
276 272
39 289
436 284
58 273
377 338
248 285
537 324
547 355
254 336
352 302
472 273
154 250
185 323
142 340
100 301
207 302
188 373
510 372
157 328
250 282
42 285
245 332
176 317
540 314
214 242
269 338
446 311
247 285
41 317
400 313
416 312
260 298
170 272
401 311
141 246
456 325
372 274
356 300
544 358
489 321
215 241
219 300
101 269
530 341
436 318
447 274
258 285
384 329
262 309
156 328
556 295
177 314
557 285
127 323
412 313
170 311
79 275
271 344
66 329
51 277
350 290
496 307
281 334
220 363
539 347
130 259
140 285
165 333
219 280
274 330
529 365
222 321
466 276
59 334
155 291
213 281
98 291
227 330
549 293
276 329
170 251
80 325
207 279
413 313
538 350
501 321
267 306
158 342
518 272
213 369
146 254
407 307
145 334
77 285
153 329
409 295
400 320
63 332
293 329
102 310
407 310
87 306
452 280
523 369
208 364
157 336
55 284
102 336
393 288
515 282
184 325
41 317
253 292
207 345
540 317
436 319
520 272
164 288
540 316
379 279
47 279
405 286
530 340
436 310
188 372
188 367
419 319
161 245
93 297
86 340
560 292
436 288
220 351
168 314
66 330
206 253
535 353
106 271
85 288
137 289
390 279
456 274
524 329
99 285
390 328
86 255
188 361
364 314
489 299
380 286
459 285
215 315
156 291
388 279
436 281
97 306
91 305
476 273
274 304
218 257
226 254
294 318
279 325
172 301
453 327
509 331
371 282
250 282
542 274
399 298
207 306
407 284
547 343
547 330
494 366
493 312
224 356
280 339
436 316
466 276
220 254
137 261
91 316
270 284
560 312
507 275
103 261
207 316
547 354
366 291
93 268
554 280
406 329
91 258
535 363
516 281
500 293
528 274
436 301
148 245
105 277
269 331
285 339
92 291
359 320
524 359
551 305
86 255
317 335
446 285
545 335
130 256
155 245
508 275
181 314
67 282
448 280
441 310
211 255
87 309
529 358
394 273
212 349
188 360
527 285
546 294
538 320
87 306
278 328
503 373
218 367
291 284
438 274
221 279
164 279
219 300
207 320
251 337
517 360
214 319
547 355
163 303
60 333
557 322
365 291
499 369
512 288
311 330
180 314
261 274
436 288
501 316
558 330
535 283
245 332
512 290
547 341
86 279
490 294
278 272
157 335
408 297
402 276
97 286
145 334
174 256
226 317
220 336
507 359
557 344
442 342
178 254
95 264
452 287
400 330
436 277
395 333
162 282
553 354
533 363
446 314
395 339
54 290
554 274
163 305
406 312
449 280
555 280
93 241
523 369
177 298
214 356
159 257
362 277
39 290
501 290
165 261
162 245
49 288
245 295
529 358
157 342
553 280
400 330
467 275
223 332
137 300
91 250
529 329
156 329
221 279
77 328
537 324
505 340
225 317
372 280
397 280
96 263
276 281
371 289
268 305
505 339
452 274
168 340
218 241
262 309
280 308
207 306
213 260
558 329
352 286
445 274
556 274
207 327
127 323
514 360
514 360
93 341
541 309
257 286
404 328
507 316
505 341
206 252
252 279
173 267
255 343
417 325
188 371
381 285
504 338
488 312
292 319
178 296
442 280
253 278
436 342
523 368
532 363
505 277
270 338
351 288
365 326
179 284
285 340
353 286
200 360
86 250
287 305
43 283
164 279
518 272
100 270
547 306
255 308
497 296
271 299
456 338
532 356
266 273
158 301
489 302
197 374
411 318
101 241
442 340
543 359
224 320
213 320
89 336
91 285
539 345
90 291
494 368
99 241
76 280
55 338
149 339
378 332
172 257
385 334
176 277
158 257
547 330
271 338
178 254
95 267
444 299
553 289
557 285
517 336
361 279
416 325
182 274
497 298
221 279
546 282
67 282
560 343
181 282
325 340
280 337
366 302
512 273
541 280
278 342
395 273
536 283
436 310
436 284
161 342
349 323
170 281
347 297
388 329
260 304
100 326
96 338
208 366
443 294
176 317
382 278
507 329
278 319
448 334
441 274
82 333
512 325
180 304
162 335
147 285
66 272
165 272
219 345
355 307
98 274
66 339
35 300
94 297
268 331
365 285
78 336
267 311
436 315
540 341
215 260
214 242
55 301
512 288
251 330
265 296
41 286
156 255
66 329
219 313
274 337
39 288
38 292
218 291
532 364
463 278
488 307
500 328
377 338
452 274
495 285
142 328
347 297
140 333
496 300
86 310
104 251
358 282
225 317
101 263
206 368
402 277
493 314
327 328
185 324
36 295
37 293
168 267
539 296
494 286
359 322
418 302
385 334
514 360
354 285
522 272
53 301
53 301
547 343
370 275
378 328
542 356
104 251
359 279
512 325
511 336
270 282
137 285
217 353
207 248
367 276
179 304
138 247
400 320
548 306
418 319
499 364
397 323
180 314
64 343
378 334
529 329
519 272
52 331
90 332
96 336
102 241
135 248
395 334
417 323
92 283
436 330
142 329
504 321
81 325
87 306
220 322
77 285
371 274
64 331
284 329
34 309
170 272
45 280
489 300
447 325
85 290
91 241
417 308
94 268
86 268
89 333
444 285
127 326
219 323
540 311
468 275
184 264
183 265
222 320
138 343
356 301
503 305
515 273
225 344
101 241
540 302
531 365
223 359
284 318
470 273
130 254
543 274
261 310
255 336
102 261
161 327
172 251
77 285
145 246
367 275
213 356
390 279
224 343
263 274
138 343
171 260
540 313
416 294
500 322
150 285
403 329
47 289
389 328
357 281
95 264
261 309
182 330
159 328
98 303
461 293
271 331
252 295
542 369
99 241
44 324
161 245
82 335
451 334
390 288
264 288
86 266
213 320
252 329
85 318
179 307
511 372
87 307
98 241
250 304
541 280
504 277
214 356
553 280
165 325
254 289
547 282
501 357
547 293
521 272
161 282
550 282
96 330
64 342
400 304
161 297
96 263
86 261
534 355
85 291
147 245
523 334
188 368
91 320
409 281
396 280
360 317
71 329
213 364
395 325
405 328
289 284
207 330
160 283
408 307
261 309
500 362
214 315
212 309
416 303
278 328
91 274
366 325
63 273
252 279
95 279
62 332
102 308
436 274
436 276
98 274
46 280
218 306
488 309
403 292
436 298
397 279
86 277
466 286
47 278
212 300
272 299
130 264
539 289
67 329
500 293
466 287
137 296
537 324
270 338
215 356
500 279
414 313
509 314
86 340
293 325
516 343
219 322
438 274
416 312
94 265
366 277
272 330
518 272
72 279
279 325
168 287
548 299
356 295
436 333
285 274
261 309
399 279
416 313
55 285
202 371
479 273
436 302
76 278
55 283
315 339
453 328
130 252
277 281
94 267
207 335
493 330
94 267
537 351
354 314
215 315
89 338
454 286
552 328
326 339
327 327
96 308
407 286
539 346
365 335
182 276
347 298
500 293
411 307
360 319
436 315
170 277
539 296
409 297
98 303
378 334
516 336
270 282
529 365
503 304
271 299
217 294
264 285
373 341
218 300
249 282
314 340
367 300
417 325
277 312
214 251
436 318
555 274
52 341
201 374
416 325
507 338
436 323
198 374
91 297
76 278
351 288
64 342
366 277
516 342
105 249
139 261
447 342
523 272
409 280
81 324
96 308
91 305
100 241
151 334
251 280
44 281
207 283
175 299
436 337
540 343
221 274
177 309
509 290
127 332
176 316
100 255
451 331
559 312
436 313
556 279
86 271
85 319
352 286
207 276
83 333
157 284
451 301
410 320
68 329
378 332
346 313
212 301
220 241
206 368
177 308
207 317
453 274
537 323
349 326
150 245
64 284
359 321
495 322
400 304
218 366
172 304
470 273
436 277
66 338
285 305
527 329
86 249
214 320
286 339
92 313
78 275
93 325
451 308
210 274
361 278
218 282
98 286
36 296
48 289
538 349
416 325
502 278
84 323
467 276
207 301
165 277
207 324
514 360
441 329
207 279
150 338
49 287
218 306
436 286
534 355
552 289
218 282
508 359
214 242
443 274
225 317
381 272
508 292
142 339
168 320
393 288
494 362
407 326
157 260
286 273
42 317
159 283
470 274
224 309
373 274
436 311
407 310
397 325
172 250
547 354
499 369
156 250
104 241
34 311
453 342
373 343
358 291
86 310
383 329
346 301
551 338
75 338
49 277
495 285
285 279
476 273
443 329
101 263
42 285
156 250
261 333
223 259
217 274
539 319
365 302
49 322
496 307
447 320
271 282
451 309
207 326
490 298
207 344
277 272
501 357
137 294
349 322
436 302
57 335
524 329
177 314
523 372
166 322
52 340
223 290
356 284
558 279
540 278
436 305
86 275
346 307
283 308
547 357
157 302
147 329
461 291
143 294
221 321
353 286
99 286
460 284
454 314
549 274
496 307
543 287
173 268
168 320
154 296
378 279
164 290
509 338
268 305
263 298
213 330
441 310
151 245
517 273
371 282
495 286
224 317
43 299
218 274
172 286
505 285
448 320
556 303
507 328
520 360
494 309
55 325
49 321
473 284
160 250
61 273
218 306
136 262
165 275
271 338
560 279
167 321
416 303
206 253
219 248
354 296
163 250
493 288
155 284
54 289
535 327
254 301
209 274
494 358
212 320
105 328
458 297
555 280
442 286
516 281
168 316
248 283
134 248
252 296
207 276
163 304
380 286
102 318
155 329
77 285
72 279
552 298
372 274
523 272
326 330
280 334
360 316
534 363
92 274
163 280
413 313
93 291
512 325
187 306
227 274
227 251
94 339
91 286
525 359
247 287
512 331
106 271
216 274
165 333
137 343
406 338
253 328
286 339
557 350
436 286
417 322
538 349
468 274
42 283
436 325
409 320
166 340
89 241
314 325
219 241
204 357
177 325
500 322
501 289
512 372
222 299
540 275
360 319
99 255
548 282
408 320
91 317
258 334
35 299
145 334
259 275
508 315
450 274
361 327
392 288
556 337
163 280
290 312
137 293
130 250
549 282
163 335
558 274
325 340
560 302
454 299
358 281
49 322
372 274
206 351
401 310
143 293
173 248
505 338
174 256
86 310
92 330
137 261
543 274
212 320
99 246
208 362
207 308
417 318
316 325
355 309
366 284
528 359
504 285
327 328
316 324
215 295
270 283
545 274
218 257
154 291
214 317
378 329
145 291
464 277
383 272
165 270
47 289
511 274
148 245
508 338
381 344
271 282
394 288
94 340
393 343
106 294
504 338
86 276
53 327
207 300
86 246
246 290
357 284
91 319
224 320
319 332
207 330
453 314
445 274
559 312
78 328
278 328
271 304
409 283
188 371
220 241
558 319
63 273
499 328
499 362
436 305
444 300
78 337
489 300
547 354
106 328
541 368
540 339
207 276
529 335
359 291
363 314
469 274
60 292
416 294
220 321
144 246
501 357
150 338
445 299
85 289
277 329
409 293
222 359
86 316
407 297
451 330
251 329
352 286
89 332
165 325
256 286
445 285
157 336
436 306
207 246
92 312
92 282
393 327
494 370
74 329
322 332
367 325
168 311
165 295
161 245
502 278
407 328
218 352
503 278
515 343
417 321
212 319
513 372
96 263
503 310
513 336
496 283
144 285
178 254
324 331
213 319
379 273
397 325
289 331
397 279
409 293
451 332
245 330
102 308
173 248
179 304
514 336
92 305
213 329
172 328
93 281
52 328
276 281
225 299
290 311
166 295
356 301
170 308
262 330
551 338
85 320
227 274
85 281
207 302
227 305
41 325
496 307
478 273
156 328
280 342
150 335
354 323
100 301
453 316
94 340
182 277
207 317
346 315
127 331
548 330
97 274
99 318
540 316
143 294
311 328
546 301
503 305
273 272
86 243
154 260
104 315
98 255
532 365
57 334
453 319
168 267
89 336
56 281
226 341
400 304
36 295
490 295
415 313
92 313
212 295
553 356
541 370
225 274
144 292
227 250
446 274
417 320
369 274
314 325
417 312
295 316
352 287
181 282
535 353
168 340
167 340
456 279
221 350
265 284
164 279
557 295
365 333
62 273
251 329
374 338
218 241
66 338
450 274
280 335
508 290
272 299
507 359
277 319
88 241
257 334
207 367
395 325
559 312
215 241
54 285
441 329
499 334
396 325
436 329
261 309
207 323
127 324
172 250
400 314
173 337
105 241
188 373
140 334
346 305
352 302
474 283
89 337
501 321
101 263
278 272
167 287
99 249
533 289
506 331
378 273
374 273
277 281
360 317
177 308
34 311
154 296
223 290
361 279
166 324
162 327
78 327
81 335
444 329
130 250
441 334
97 303
436 330
497 307
553 345
86 280
252 295
257 343
554 350
398 333
42 317
101 338
369 274
221 290
65 342
346 310
92 268
533 356
94 241
93 311
365 291
69 336
76 279
100 300
553 289
34 315
372 327
546 294
93 247
91 252
534 327
246 289
283 331
285 305
208 365
93 330
226 274
180 268
272 317
397 279
138 285
52 275
69 329
411 318
509 338
76 279
512 288
172 329
225 355
499 328
518 360
85 285
206 253
451 301
436 289
417 311
130 251
407 326
268 306
55 317
170 272
165 333
464 277
373 289
188 361
508 293
358 280
558 312
354 321
535 326
214 242
213 281
493 331
99 318
539 318
540 315
521 272
86 272
436 324
408 296
360 319
36 298
189 358
551 282
175 299
86 278
145 245
470 284
212 295
528 371
185 324
161 283
267 311
453 315
556 274
88 241
463 278
64 272
65 342
220 351
162 335
165 325
214 318
206 352
172 256
488 308
406 311
490 294
525 359
227 250
138 253
556 279
436 318
347 298
60 333
99 286
143 246
548 311
96 338
91 320
39 289
137 254
373 333
436 314
252 295
153 285
226 253
171 329
266 273
67 338
197 365
165 340
165 271
153 329
78 285
392 288
354 322
395 287
213 329
455 325
83 323
448 339
436 337
66 272
165 261
510 325
537 351
280 341
142 341
150 338
172 329
226 274
438 274
451 330
206 251
417 310
537 325
528 358
205 355
503 303
490 298
444 301
220 335
454 274
399 298
503 308
207 338
54 339
322 332
65 340
151 285
278 281
177 297
141 285
253 301
172 328
451 301
497 307
131 250
84 322
293 284
436 332
88 339
78 285
353 315
50 312
85 285
409 320
289 331
130 250
175 277
216 257
188 364
62 333
512 331
95 265
52 301
154 329
57 274
360 328
218 257
206 250
290 311
401 309
414 294
223 332
505 285
510 281
373 333
415 294
136 248
479 280
533 363
356 294
285 273
548 351
217 340
552 328
216 356
367 284
491 293
188 359
541 370
207 274
257 276
224 346
522 272
402 329
76 278
251 328
163 245
137 254
151 334
501 316
157 328
388 329
207 304
558 330
54 301
106 327
270 304
97 256
454 286
414 294
278 327
93 268
77 278
101 340
396 325
460 284
381 272
403 291
462 280
359 321
447 325
311 328
250 282
93 297
86 267
166 295
224 274
207 338
64 343
207 295
198 364
554 280
530 340
325 341
160 245
188 360
220 280
258 275
86 281
499 334
66 338
86 259
446 320
549 306
137 261
216 355
523 334
91 248
188 372
454 325
508 359
185 324
288 305
178 308
545 306
360 315
220 351
101 254
218 281
216 241
189 316
539 346
365 291
446 314
207 348
255 278
278 318
35 300
453 342
127 325
414 289
554 352
523 335
350 291
102 310
177 298
365 332
85 289
89 334
245 295
80 326
558 274
532 357
436 275
102 309
89 332
473 273
173 265
49 289
77 328
265 273
513 363
417 310
166 340
212 295
356 307
446 329
201 371
207 319
92 283
479 279
400 303
529 368
156 250
436 274
152 245
222 320
91 325
177 309
498 329
35 302
253 336
559 274
179 305
207 303
44 336
451 334
349 326
44 325
560 279
90 331
448 293
533 286
44 316
396 280
207 301
444 302
254 290
527 329
377 328
52 275
552 338
165 276
354 322
208 362
399 332
438 274
49 288
254 278
539 346
86 256
252 296
130 265
534 283
382 278
386 272
551 305
504 277
503 286
501 279
265 284
152 291
315 325
507 331
102 318
207 302
521 360
368 283
405 286
98 247
436 310
67 272
67 272
261 298
410 320
206 252
44 324
539 289
360 279
498 281
395 326
139 342
207 292
401 330
436 291
528 274
354 314
411 307
496 308
133 249
438 274
161 250
500 279
78 276
102 254
417 308
354 313
64 344
507 275
196 374
214 317
516 282
162 327
354 296
297 315
268 306
498 281
96 279
155 284
162 280
367 291
92 268
496 307
555 337
208 274
245 334
214 253
444 274
405 328
551 329
213 295
461 282
549 329
530 358
265 285
172 301
451 334
91 249
168 267
219 248
58 274
452 320
222 290
548 350
223 359
497 307
176 319
445 329
325 340
447 320
218 291
137 299
69 336
137 300
93 241
346 302
83 333
500 293
436 281
323 331
130 254
452 274
127 339
493 310
261 274
541 368
541 310
441 310
94 311
253 279
165 341
400 317
170 337
436 300
526 359
177 325
158 301
200 359
89 335
558 317
451 332
395 287
436 327
368 331
224 319
160 327
455 274
351 288
400 318
97 320
510 274
86 258
539 289
268 338
88 241
489 299
219 363
137 290
221 361
270 284
41 326
498 296
61 332
315 325
196 368
95 274
327 325
34 308
497 283
279 342
188 362
322 323
85 317
172 329
488 307
261 298
495 321
212 308
418 318
453 274
441 274
135 331
188 373
407 307
154 250
271 330
531 328
36 325
87 339
294 310
158 250
87 241
311 330
253 293
436 303
401 312
103 316
86 264
524 329
473 273
178 314
285 277
224 332
229 250
173 256
361 306
387 342
218 315
144 285
455 297
188 359
87 340
73 279
262 274
548 321
529 358
36 321
541 307
221 360
267 331
500 281
272 316
207 351
101 270
516 281
548 311
540 340
156 328
37 292
554 296
137 291
52 328
137 254
416 325
136 254
206 248
404 339
363 314
414 289
87 340
365 285
261 340
155 260
167 320
402 329
78 328
396 280
318 335
168 320
93 282
512 289
224 319
224 347
264 288
400 318
162 281
271 330
96 339
55 337
37 294
127 336
495 355
99 326
452 287
181 282
547 332
368 290
504 321
531 365
218 367
188 370
269 273
149 285
137 288
436 309
176 318
555 338
388 279
453 318
138 285
155 284
495 285
415 294
165 261
160 245
494 359
226 317
436 293
162 342
91 325
207 319
491 294
221 321
277 320
455 325
384 329
558 327
385 335
264 274
153 245
143 246
524 329
454 286
293 326
127 326
142 328
137 298
139 247
220 335
284 319
550 274
245 333
54 325
161 255
97 274
154 296
437 274
355 284
221 361
416 311
280 342
213 282
130 261
469 285
69 336
259 334
221 333
161 255
200 360
61 326
93 279
491 292
216 308
556 345
170 251
269 272
212 301
219 366
92 284
522 360
410 320
474 273
530 328
505 277
448 280
515 282
553 355
91 250
366 326
251 303
49 277
559 327
443 286
42 299
49 320
86 313
374 338
250 304
218 315
385 284
548 322
38 292
543 295
346 316
91 317
528 373
207 341
214 356
168 339
220 300
208 367
226 254
543 328
560 303
509 326
555 280
508 293
540 296
81 335
54 339
355 312
80 326
461 291
185 323
474 282
540 296
91 318
413 313
513 363
207 328
256 276
165 272
539 333
93 325
554 296
372 343
36 321
101 269
553 355
95 241
540 314
396 333
385 334
520 272
309 336
217 340
367 291
86 317
156 255
245 339
409 295
51 276
512 336
44 315
207 274
494 370
285 305
45 336
127 322
559 317
376 273
207 313
490 296
554 351
552 317
91 318
134 248
217 352
106 342
89 332
207 285
373 289
448 296
270 284
173 256
554 345
207 309
219 338
354 322
176 315
147 285
157 337
213 363
208 364
355 312
220 321
361 337
501 328
79 326
176 325
218 281
525 329
501 321
501 289
217 338
367 300
224 320
508 290
45 310
198 362
155 285
258 285
436 290
452 320
326 329
260 275
415 286
130 259
367 290
394 340
436 329
95 263
388 342
220 291
392 279
279 325
49 288
554 338
38 291
271 338
203 358
54 301
200 359
409 296
534 286
498 296
161 297
319 333
92 305
155 285
176 325
531 365
207 328
419 318
556 303
348 323
540 338
285 275
251 280
214 260
35 299
86 244
168 318
45 281
207 284
265 294
41 325
106 342
388 272
162 280
516 343
532 364
495 286
413 313
407 284
54 301
207 341
99 327
499 334
453 327
373 289
279 325
441 329
212 243
529 365
43 283
173 337
362 278
371 282
165 342
40 317
542 357
160 297
465 276
378 333
364 304
180 314
553 354
161 327
479 278
466 275
314 326
506 362
200 360
348 323
96 339
368 283
533 286
41 327
102 336
188 362
541 274
165 275
225 355
50 277
497 307
156 260
99 263
389 328
101 318
53 318
470 274
39 288
361 279
81 335
378 334
405 319
556 344
285 340
188 369
251 329
60 290
245 291
498 329
550 338
176 299
165 302
80 325
89 333
500 293
375 338
203 357
392 279
95 265
83 323
448 296
534 283
548 299
501 292
436 326
310 331
184 273
271 331
245 337
506 362
508 315
543 287
188 368
94 330
227 250
52 301
204 369
512 288
100 301
501 292
207 286
456 338
206 367
275 329
46 323
94 279
446 312
454 274
548 341
441 329
77 285
421 307
137 291
542 357
451 307
177 262
207 287
331 335
86 260
150 285
518 368
127 338
407 310
45 280
509 338
245 295
446 285
409 281
159 250
359 320
177 325
557 274
215 260
217 274
548 318
53 275
459 285
488 309
207 321
377 338
280 309
291 274
155 284
227 305
407 326
319 333
540 315
441 329
222 359
105 298
346 306
46 324
558 318
63 285
533 363
406 328
353 301
285 305
218 283
542 330
198 363
513 325
553 289
436 295
34 304
546 313
419 318
503 277
144 291
436 331
541 310
164 288
436 278
555 322
171 258
78 327
356 294
508 292
137 299
214 361
225 274
217 352
497 299
367 290
207 327
556 345
165 295
184 273
168 267
160 297
534 354
215 347
227 250
558 321
354 321
254 291
556 274
79 285
256 286
185 325
52 312
159 342
49 278
311 329
331 336
162 245
508 315
99 326
409 282
539 345
326 330
139 285
272 315
73 329
508 300
34 316
374 339
538 282
547 322
494 322
371 274
400 318
454 285
535 283
553 289
61 331
527 329
44 336
510 372
130 252
508 293
362 305
152 329
552 317
85 286
509 305
466 276
498 282
207 320
489 305
40 287
541 369
286 339
127 324
534 284
514 343
176 314
161 257
74 338
215 260
85 287
478 279
86 281
515 372
91 315
474 273
558 320
361 305
407 328
254 291
36 294
218 367
361 305
207 346
221 311
513 361
515 336
98 303
270 285
96 241
139 342
93 312
436 313
39 317
34 307
330 339
488 311
391 328
145 246
173 336
188 317
245 326
377 273
436 326
381 272
289 331
503 309
168 287
285 273
532 365
361 307
365 333
371 282
95 264
489 302
529 328
206 369
294 325
412 315
560 343
245 331
543 294
63 331
541 275
356 332
127 333
74 279
367 325
555 338
282 333
189 358
214 317
548 322
319 332
265 306
86 313
207 330
263 298
557 322
184 259
494 355
553 322
379 273
466 286
514 336
454 292
450 334
171 329
94 267
521 282
409 294
278 342
523 368
92 248
99 286
493 289
446 299
256 277
161 327
44 325
96 337
213 308
547 282
80 325
557 319
354 321
495 320
86 257
548 293
38 292
216 259
451 320
86 310
495 321
207 308
529 367
346 314
168 266
359 291
379 278
183 274
540 275
91 319
161 257
212 349
549 274
137 286
281 334
222 359
489 304
264 289
347 300
451 320
538 320
557 319
319 332
463 277
529 365
368 332
103 318
186 317
221 290
277 319
284 308
418 302
378 334
90 330
54 287
127 330
130 262
402 329
396 339
94 267
278 326
496 307
143 293
390 328
332 334
224 344
86 271
265 297
136 247
97 304
295 325
504 340
454 285
513 273
142 340
261 330
436 321
172 337
539 297
98 247
551 328
251 329
53 327
385 335
278 319
516 281
64 331
500 293
93 282
167 321
66 272
501 289
214 274
136 255
212 339
356 293
97 263
86 268
436 292
219 363
377 280
436 291
137 298
361 305
356 293
285 276
47 289
416 294
280 339
454 314
159 283
215 294
261 332
91 319
346 301
397 325
558 319
251 338
44 316
140 247
523 372
443 292
217 353
207 337
495 320
291 274
99 273
361 309
214 316
207 334
258 276
554 280
172 272
398 279
328 325
498 329
138 261
188 360
91 285
547 274
547 342
267 311
77 338
416 294
154 329
78 285
309 332
207 286
89 337
352 302
217 292
207 282
393 339
103 241
508 300
261 298
539 348
270 282
95 330
279 309
143 293
41 326
47 323
508 290
37 294
201 359
223 274
139 247
499 364
511 273
524 366
202 359
470 273
524 359
162 245
251 303
287 273
149 285
556 337
184 273
143 300
453 320
530 328
346 304
218 306
39 330
188 362
162 250
219 291
489 305
141 285
322 331
87 309
91 319
515 336
92 282
43 317
87 307
130 258
540 280
86 276
402 329
219 321
521 282
133 249
534 363
205 356
446 311
384 284
206 368
93 325
35 299
261 333
276 342
469 285
453 315
355 311
396 287
534 284
168 317
539 333
254 290
436 298
127 330
214 295
163 303
204 369
508 293
268 304
156 250
163 280
264 298
56 281
495 320
223 259
182 275
204 357
98 254
436 328
362 305
500 292
361 339
86 251
157 291
86 244
331 334
42 325
395 334
444 301
86 256
172 302
401 311
257 286
68 329
555 280
556 295
512 289
397 280
45 304
399 298
254 301
155 285
62 288
469 274
294 325
552 298
436 286
179 308
524 280
278 327
265 284
456 279
86 251
182 332
552 298
384 337
155 291
354 313
514 343
169 311
491 292
166 288
490 297
526 278
173 337
509 305
499 296
79 326
66 330
61 273
165 272
137 298
451 320
55 283
78 335
289 287
220 335
436 300
218 338
398 321
97 241
411 316
127 324
396 333
91 249
506 362
172 299
80 335
436 307
62 287
497 307
274 337
156 337
436 323
172 256
358 280
169 339
387 272
488 311
99 246
313 327
396 287
221 360
503 310
488 311
416 313
36 323
353 301
540 342
185 325
286 305
416 310
168 287
535 327
88 334
78 337
407 328
86 263
59 334
536 323
167 340
100 270
130 260
546 323
207 367
66 282
204 356
372 280
208 365
91 258
127 331
280 340
457 297
245 331
197 374
417 323
366 277
188 373
378 333
420 308
489 303
537 353
552 274
166 288
163 279
443 291
513 343
260 334
346 302
86 259
536 282
540 318
409 283
247 285
54 285
68 282
155 260
560 292
454 274
245 332
86 270
361 307
416 313
453 319
207 309
253 328
353 285
207 342
392 327
226 330
49 320
207 331
312 328
251 337
358 329
62 284
397 322
94 330
102 254
172 257
134 331
436 283
436 304
132 249
73 279
202 358
515 360
500 322
38 292
452 286
406 338
264 288
201 372
547 342
533 286
245 337
207 346
355 333
245 336
86 251
206 353
518 368
503 286
66 339
168 311
548 293
359 291
105 298
553 323
546 294
216 241
361 309
547 343
83 333
259 334
508 275
221 279
138 261
208 363
500 357
446 307
77 285
549 293
87 309
219 274
385 272
54 318
52 301
547 357
44 325
506 332
545 322
175 278
313 326
398 321
506 337
453 326
286 305
555 335
138 261
54 290
326 328
210 244
519 360
170 279
217 306
288 326
488 309
278 327
474 273
35 298
385 284
466 286
127 335
82 334
535 327
443 293
548 274
215 315
453 280
382 339
277 320
165 274
160 296
179 308
137 261
397 333
495 300
44 314
157 260
268 305
130 259
501 362
557 319
401 330
178 252
260 334
364 305
155 250
170 280
256 289
280 340
173 336
537 323
43 283
385 272
91 284
176 319
506 331
316 325
389 279
274 272
213 328
443 285
219 241
530 328
261 330
378 328
76 338
156 260
472 284
209 244
410 319
417 321
461 282
383 339
90 291
288 334
86 244
506 331
251 303
553 356
102 263
524 329
97 274
41 317
217 241
538 291
78 327
366 277
207 347
86 245
521 281
148 329
258 275
215 315
172 251
207 338
216 356
368 282
94 297
100 326
207 298
182 331
212 274
500 279
102 263
285 273
375 273
98 327
212 301
536 283
106 328
271 304
163 245
168 313
522 280
501 316
155 250
504 339
557 279
167 261
207 298
416 294
512 289
167 322
466 287
513 343
410 319
213 331
58 274
207 287
355 333
91 258
205 354
516 343
78 277
459 284
546 301
488 308
70 281
488 306
101 340
212 356
161 283
556 306
537 350
499 292
397 280
551 282
145 334
409 282
478 273
463 279
380 272
249 304
206 254
284 328
218 281
411 305
320 323
289 333
533 355
454 292
494 370
257 276
280 338
514 325
86 241
393 340
101 339
170 280
346 316
453 315
365 326
500 328
526 278
556 295
162 280
42 283
255 336
195 374
207 293
255 308
171 260
135 248
252 301
226 253
326 329
215 241
451 308
453 274
416 313
173 335
78 285
156 250
417 322
183 266
543 295
524 366
218 305
248 284
393 342
436 324
374 339
260 275
64 342
245 330
330 339
152 285
436 288
496 329
92 325
91 249
261 311
557 285
542 368
207 343
348 296
278 319
