13.848 113.811
60.673 426.877
58.662 433.188
72.751 520.286
28.302 216.236
29.487 209.293
93.084 661.471
17.061 112.504
81.031 592.699
91.791 649.516
3.505 22.431
8.397 71.063
94.069 694.075
23.088 159.721
27.904 207.313
56.151 420.708
67.82 500.495
96.116 712.071
61.56 433.697
37.307 275.897
19.644 154.333
78.133 572.373
63.572 445.471
42.289 316.161
26.697 186.245
88.809 651.748
6.951 73.216
56.643 408.078
57.472 416.144
15.868 105.692
88.063 619.142
41.443 302.026
67.573 504.617
28.384 208.033
12.184 90.967
33.639 235.423
57.348 408.849
52.664 377.9
56.454 429.599
65.608 482.642
47.254 356.304
78.08 576.027
44.718 324.278
66.191 473.41
71.143 509.524
54.95 409.395
95.412 698.871
38.237 264.057
63.083 444.166
23.677 192.485
54.069 396.372
50.355 353.631
99.81 719.062
43.776 303.134
60.875 460.27
8.053 77.534
48.548 370.422
78.211 555.347
41.299 290.343
6.757 54.057
88.596 649.5
87.594 636.191
73.878 548.637
101.385 716.873
94.888 677.974
5.264 54.298
88.996 643.829
4.19 17.329
12.621 112.031
18.063 137.388
60.777 443.942
44.395 329.161
19.0 144.652
83.812 620.633
26.11 188.383
24.899 194.046
11.249 73.888
4.969 55.66
45.34 317.608
12.855 104.286
44.186 329.981
93.797 674.471
48.226 369.286
27.311 204.776
25.91 203.061
22.575 180.564
31.434 247.702
48.351 351.312
21.535 146.756
27.895 187.107
70.164 516.327
38.246 294.265
52.3 385.504
45.978 317.096
61.296 442.854
71.048 517.573
100.982 726.508
41.166 299.019
58.982 439.78
7.835 70.061
79.122 576.312
62.292 445.724
65.611 496.55
40.404 293.073
7.336 67.676
96.549 696.835
86.749 635.599
31.692 251.528
36.787 269.027
2.744 39.29
52.89 382.165
91.478 664.547
42.818 316.042
75.381 557.286
13.7 88.577
81.075 579.977
35.743 269.039
27.994 226.211
31.855 245.875
30.705 219.272
43.912 307.76
23.41 170.928
28.609 228.975
13.064 85.374
60.348 423.75
40.256 304.108
71.838 528.319
36.289 274.489
16.555 136.032
93.99 689.175
29.516 224.876
59.01 441.867
100.462 719.971
67.054 492.811
77.41 571.642
29.586 214.019
19.979 157.256
41.406 311.921
64.128 480.267
45.767 336.086
64.165 465.71
92.674 673.363
74.717 526.303
65.127 464.434
95.729 682.205
63.539 461.794
80.524 575.597
70.473 509.95
61.279 446.327
24.639 188.459
98.269 717.768
83.163 617.866
19.663 167.564
69.299 499.816
35.019 276.331
95.89 688.45
38.606 276.712
43.795 315.474
3.143 38.978
64.857 488.316
0.973 10.88
92.559 659.021
30.272 239.735
64.563 467.632
64.05 478.966
52.811 383.981
18.849 151.206
76.539 536.054
68.515 488.748
95.499 708.294
93.02 671.903
6.305 44.745
63.051 467.736
59.182 430.43
22.324 173.698
65.623 489.458
71.004 525.803
5.595 29.489
87.023 620.793
54.784 413.294
16.977 135.181
20.055 167.392
53.795 399.217
17.107 110.384
83.847 610.817
91.675 658.593
18.087 123.749
80.213 587.451
24.419 179.232
47.448 356.534
30.489 237.371
85.765 625.931
56.679 408.993
80.763 572.482
49.265 378.791
66.401 496.062
92.535 667.616
53.7 399.224
74.415 538.354
45.444 339.178
101.877 720.256
3.642 20.554
20.597 161.652
46.688 347.207
56.876 417.802
88.202 624.445
21.704 173.479
63.076 475.259
35.609 258.099
93.349 676.26
83.981 598.342
49.52 354.057
94.348 701.839
87.764 652.404
52.242 373.635
21.312 168.858
24.198 192.332
77.04 575.342
40.053 307.713
80.673 585.478
55.242 411.765
69.159 486.018
59.559 431.539
69.908 515.984
9.853 71.762
27.939 204.291
75.159 540.308
35.394 262.624
31.495 218.03
53.7 408.174
22.228 181.422
72.246 532.62
81.059 580.652
10.296 86.323
87.79 630.48
24.962 171.473
34.588 246.118
29.902 211.429
54.236 378.518
49.631 353.584
94.166 681.503
81.585 583.907
5.074 49.533
83.447 624.048
92.771 664.326
86.559 626.554
28.064 199.494
77.251 569.72
93.967 681.488
52.365 362.62
1.191 9.406
71.65 505.777
8.518 81.371
99.815 723.097
85.461 614.694
61.932 439.246
82.32 582.607
45.51 333.88
55.809 419.137
36.524 275.237
98.378 720.287
29.054 223.847
37.13 270.824
13.086 93.867
65.095 478.36
72.768 528.829
76.9 558.121
45.552 350.223
93.654 660.78
17.666 119.899
28.825 196.469
64.467 488.001
8.991 58.532
92.837 687.408
58.54 432.904
51.864 361.901
46.563 333.01
16.045 134.686
97.571 705.552
0.653 16.212
86.022 641.382
31.405 224.407
85.546 613.037
52.102 381.489
52.802 376.46
60.355 447.177
97.996 695.631
3.358 13.701
94.709 699.319
24.869 167.026
28.067 198.223
70.29 528.703
62.694 438.37
11.927 107.126
55.009 399.656
48.984 351.452
28.274 206.871
25.659 180.23
40.463 307.773
82.221 607.934
9.315 70.886
83.324 592.039
10.298 84.561
80.039 589.37
1.378 32.522
3.391 22.934
20.105 162.122
91.13 675.889
23.286 189.907
23.43 185.279
66.378 484.828
74.315 521.536
83.194 616.721
72.28 533.811
7.922 60.907
46.655 325.152
15.144 129.284
15.12 132.451
93.178 662.896
11.949 107.392
25.862 186.145
96.516 712.239
98.828 722.864
10.355 97.905
87.454 632.843
0.332 15.992
28.387 204.044
16.773 119.478
88.618 643.025
16.561 121.697
16.361 136.547
32.292 248.766
35.085 251.403
13.629 106.623
49.047 343.135
44.573 318.066
24.134 196.092
90.557 655.62
87.16 619.621
99.44 717.486
18.32 151.738
86.572 634.066
68.118 477.334
67.151 484.771
89.875 659.478
91.293 675.522
42.119 313.234
92.942 688.951
19.712 145.179
46.46 356.192
21.001 151.698
87.331 614.013
28.496 206.627
55.443 414.905
32.332 235.723
72.451 521.737
86.858 641.284
69.29 491.517
58.246 431.252
46.282 351.909
82.599 610.028
68.007 482.241
84.182 610.66
72.103 526.181
4.507 22.785
32.992 251.688
11.923 84.935
0.813 26.942
5.362 40.351
66.168 497.075
14.181 89.981
58.851 447.682
65.675 464.734
63.263 447.387
14.393 127.548
19.51 143.52
19.86 154.29
28.005 193.018
95.419 673.72
15.189 131.719
77.675 567.562
40.587 309.804
54.458 400.578
82.863 588.261
51.108 362.185
42.769 306.176
88.713 641.584
-0.47 13.801
40.241 279.466
13.254 109.591
87.11 618.531
48.764 366.595
56.112 413.232
30.668 210.295
37.836 279.382
98.73 701.322
79.156 574.344
2.455 7.954
94.378 673.149
31.012 234.056
48.492 356.866
1.35 20.656
19.409 150.067
93.556 677.045
85.056 636.191
36.778 270.307
15.985 134.643
4.723 42.328
95.451 701.607
21.558 156.517
79.324 574.879
59.057 423.689
73.326 522.669
9.682 65.621
84.81 604.818
93.757 685.92
21.136 159.458
3.629 33.615
43.798 320.86
8.158 69.836
37.259 289.285
39.769 298.414
68.38 512.722
96.583 697.059
66.698 490.659
97.801 706.037
-0.583 16.733
97.943 714.136
27.889 208.367
29.923 240.004
8.861 66.199
83.185 593.136
68.573 507.369
67.529 486.478
92.771 681.906
59.414 439.536
90.179 640.775
22.663 159.469
60.304 427.468
51.92 374.828
77.795 575.588
48.251 343.68
56.546 395.099
82.73 601.995
21.463 164.052
15.247 127.452
28.104 209.612
6.451 55.717
94.369 693.388
66.304 474.583
0.158 7.855
6.18 54.913
9.33 85.443
39.391 299.728
36.908 279.609
49.148 376.026
37.014 259.272
25.949 205.477
49.31 343.931
68.423 505.254
2.353 29.982
66.647 495.197
24.459 182.278
63.596 450.802
24.801 192.223
33.691 233.185
15.056 132.33
34.728 266.072
33.339 243.581
51.779 373.709
55.105 409.268
75.082 546.658
13.489 107.757
35.357 251.069
49.239 362.474
89.254 650.921
96.018 683.821
62.71 473.878
92.941 665.978
79.222 586.908
5.606 44.06
17.612 118.385
39.408 278.77
76.612 557.374
97.327 698.877
21.859 178.803
15.833 121.023
20.09 168.707
4.556 24.003
86.887 646.279
52.563 388.583
27.227 191.616
63.731 478.779
39.947 276.351
17.793 149.645
45.505 332.534
94.303 691.629
59.895 434.465
33.341 251.35
87.263 622.837
76.222 562.937
19.593 156.416
18.434 136.171
43.35 300.111
12.421 86.398
31.203 246.349
38.491 267.364
50.125 361.903
29.93 231.638
67.28 500.305
24.496 177.423
79.064 582.626
45.565 332.285
29.542 205.157
85.754 621.464
67.792 491.515
0.516 22.943
63.504 450.172
14.664 107.692
30.699 212.833
22.63 185.526
35.821 269.346
81.489 599.638
56.5 427.843
25.753 200.175
67.195 495.157
65.159 467.661
94.168 687.393
67.175 493.593
47.03 336.316
32.664 246.297
72.531 525.352
16.969 134.955
46.72 333.639
34.839 240.407
47.583 346.548
46.87 356.704
6.488 39.239
15.061 123.728
70.128 503.282
6.278 51.458
71.051 527.756
14.786 120.361
9.804 61.978
84.039 595.939
2.14 33.515
20.799 141.96
14.786 120.028
56.746 421.341
60.923 438.117
23.604 182.844
-0.394 13.431
82.573 603.779
10.84 93.143
84.536 602.077
11.441 86.369
18.941 128.537
11.048 85.359
25.923 198.58
18.077 145.49
67.764 496.635
67.83 483.063
58.951 415.703
88.315 651.279
63.499 462.846
45.716 328.952
77.828 558.291
38.166 267.551
96.849 700.68
26.859 205.224
41.361 313.184
78.428 565.802
0.656 19.023
96.358 700.423
24.187 167.273
71.472 528.885
84.311 612.052
42.642 306.936
79.584 595.706
87.035 637.193
3.892 27.801
50.891 382.906
44.136 341.562
3.711 29.365
27.225 187.243
68.606 491.782
21.394 144.365
79.514 570.312
76.118 541.046
90.919 674.672
7.166 49.091
51.455 393.207
97.203 722.251
64.134 460.126
38.188 269.935
20.443 156.994
38.066 278.967
49.118 365.061
58.568 434.948
34.065 236.831
71.707 511.789
41.736 289.999
54.701 398.839
45.905 318.863
19.803 144.107
95.38 701.964
-0.792 12.626
85.924 618.681
83.809 606.64
25.864 208.91
32.896 245.582
52.261 382.807
97.543 705.512
26.532 192.773
35.856 272.883
80.375 593.61
25.653 207.965
16.31 127.849
24.361 176.642
35.913 265.102
69.158 491.315
95.715 702.455
89.574 631.605
58.006 439.166
17.192 130.126
50.393 352.535
51.848 387.577
19.814 136.895
98.078 702.632
38.739 286.164
80.849 585.792
98.14 698.887
7.97 56.352
99.38 709.683
46.771 348.856
8.747 86.521
1.48 19.507
55.993 405.548
81.497 606.537
68.707 501.456
56.017 412.296
60.836 427.825
20.813 156.664
71.615 525.883
59.944 431.302
64.731 470.66
84.548 628.653
35.846 276.29
89.119 642.328
4.867 51.98
75.954 549.674
85.278 633.859
31.99 235.76
62.81 438.139
24.585 178.299
60.904 449.946
20.037 159.095
33.436 260.198
18.564 139.567
10.681 93.464
83.164 611.665
91.206 680.066
22.285 147.751
18.697 144.413
68.442 494.698
68.22 483.765
64.379 454.777
63.285 456.237
95.596 704.787
98.878 719.657
73.129 528.187
7.185 54.148
33.633 242.526
78.687 568.611
77.505 544.723
31.077 214.08
25.185 175.566
19.806 156.697
16.519 130.129
24.94 182.456
38.304 287.582
18.363 150.195
7.771 58.546
44.657 312.515
44.848 320.718
8.279 60.393
42.78 318.901
89.042 655.559
79.931 570.856
93.477 686.914
92.056 650.081
45.168 317.087
-1.512 7.707
84.757 631.034
51.771 363.248
27.297 186.453
62.55 473.066
24.426 199.813
1.44 14.591
12.085 89.384
31.588 228.772
35.874 276.63
53.106 402.988
4.905 30.394
27.979 205.836
51.78 380.13
37.285 267.493
64.112 449.898
30.642 232.954
13.424 100.441
9.18 90.332
71.979 532.622
86.78 614.116
99.758 707.973
25.602 202.109
17.717 140.692
9.781 57.312
98.376 714.053
83.527 591.234
74.528 530.663
70.491 495.43
36.376 248.145
0.304 10.163
19.054 143.61
4.309 27.271
87.277 639.41
73.192 536.926
7.816 77.309
12.939 86.25
15.731 122.926
67.212 504.56
11.286 84.492
17.05 122.789
24.582 189.965
50.135 375.497
82.219 589.118
-0.339 15.565
59.102 420.322
96.908 704.677
40.568 309.611
39.67 288.794
45.764 341.86
57.877 431.146
37.969 271.045
65.728 484.478
87.827 650.084
75.795 567.177
65.214 490.328
77.397 545.071
7.263 73.789
35.878 252.503
31.424 225.537
53.537 380.376
2.151 36.529
20.975 160.11
98.795 710.66
31.81 226.546
100.596 725.97
85.374 635.128
1.751 32.201
-1.677 9.999
91.505 654.941
40.785 300.788
94.187 688.25
82.61 586.662
59.218 431.363
81.645 585.079
93.153 676.881
40.473 306.479
2.894 30.09
79.118 564.702
66.829 482.96
55.538 399.279
57.94 435.066
33.968 259.178
64.037 474.757
54.916 402.157
30.365 209.168
12.865 97.474
21.703 156.054
89.872 651.301
30.987 234.533
45.707 316.341
10.751 73.796
69.131 515.748
29.741 235.148
43.093 330.61
94.802 684.701
50.149 374.959
16.026 108.037
68.293 501.121
49.778 375.67
7.575 61.169
9.08 72.38
46.815 356.542
41.089 306.261
23.054 173.455
82.722 616.529
59.056 416.327
68.527 492.973
71.565 512.103
71.541 513.948
22.455 156.234
77.214 551.589
101.625 721.391
95.662 690.805
99.162 706.351
6.109 35.349
59.915 444.103
28.632 210.062
98.358 712.329
73.501 547.318
50.202 366.196
2.717 31.647
-0.891 11.589
36.723 260.865
61.861 457.813
73.011 521.542
94.971 701.619
10.967 96.852
39.783 280.472
96.157 716.337
90.532 652.076
29.558 210.739
15.083 107.623
46.318 358.165
2.516 13.324
65.382 463.537
94.712 675.963
45.107 328.715
9.296 79.221
75.329 530.258
82.847 587.809
83.706 613.407
17.295 121.431
1.633 13.233
92.857 690.587
99.159 702.69
16.092 118.266
15.847 112.502
75.573 553.0
13.051 93.879
45.963 326.121
87.905 622.261
7.703 60.714
59.216 445.852
82.035 591.847
94.252 678.197
13.372 89.509
93.017 662.48
63.379 478.002
0.439 26.451
62.029 458.643
2.897 32.614
52.985 384.796
69.797 516.817
62.338 460.875
40.44 285.061
20.891 167.69
15.882 125.756
94.077 685.96
38.07 281.025
22.57 176.049
12.328 83.769
88.646 655.654
3.715 39.12
43.158 324.957
34.481 249.658
73.397 533.23
29.34 228.185
15.152 123.296
27.828 192.269
40.737 282.294
55.158 420.84
57.872 418.477
93.65 688.344
79.769 573.192
13.573 106.895
101.2 714.755
32.685 225.241
16.152 123.656
71.516 521.474
68.973 498.91
42.652 326.365
24.883 190.431
96.762 706.988
53.814 400.191
40.553 313.359
35.785 250.495
23.096 182.887
20.226 156.826
40.425 313.258
17.691 149.187
10.838 99.458
11.38 83.067
31.95 228.053
29.619 201.963
43.196 321.775
52.256 394.736
19.799 143.351
10.589 97.763
30.217 240.341
62.575 469.446
2.978 40.107
19.225 137.966
75.799 537.852
17.396 138.221
87.63 619.726
89.868 664.711
54.183 381.975
86.211 628.04
85.805 615.165
88.567 632.923
45.726 327.045
32.967 243.918
56.6 401.056
0.084 8.751
27.423 187.064
74.656 557.509
14.792 99.271
45.918 322.256
56.69 399.47
74.823 548.865
30.7 239.797
98.266 713.097
82.281 579.704
0.792 27.916
73.396 538.265
35.912 277.673
13.959 99.731
54.288 383.465
77.665 555.953
0.145 15.647
77.565 555.285
59.762 433.951
53.256 383.661
37.045 274.056
-0.421 16.835
82.827 620.065
52.855 384.385
51.804 369.22
69.978 512.914
7.97 49.301
43.075 304.324
66.145 468.533
44.337 313.741
5.062 40.908
20.361 140.395
6.428 67.78
90.494 661.796
93.075 671.309
71.196 527.069
77.628 553.034
91.951 665.344
56.99 409.96
13.344 99.047
82.067 596.35
54.262 405.699
74.955 535.79
37.011 285.014
21.568 145.413
87.14 644.415
37.497 259.869
46.854 336.452
17.587 146.041
73.847 537.449
58.871 438.628
32.585 241.294
0.869 31.938
35.556 258.803
22.546 173.057
7.669 68.997
30.209 221.399
21.902 154.083
78.317 554.551
12.13 85.478
64.107 479.731
84.771 598.903
87.616 632.702
46.88 336.222
19.334 144.012
70.574 498.094
11.275 83.195
68.225 489.784
31.8 223.457
51.759 367.209
60.273 446.105
62.274 446.844
47.539 354.052
26.239 178.916
79.868 565.345
74.909 537.956
80.184 564.344
3.577 43.463
25.964 198.712
53.735 398.123
55.937 405.225
94.374 688.561
39.638 280.982
14.034 110.372
